017KJcZd2GpMXKQV.jpg,0
01R2tkKoJY7ii4AD.jpg,1
024WtT0VPvio74fD.jpg,0
02OaDfEaDN88YndS.jpg,0
04Wex4aauKiPbURh.jpg,1
04Wn9M6Rnf8Qk1uz.jpg,1
05bJbSYfgzEsrdAG.jpg,0
064alf6A7224a7l5.jpg,0
06FfphWRtFqZcvaW.jpg,0
06YkLEvdHv4BC6rR.jpg,0
07PcRwgrSOVqIp8f.jpg,0
08g4dWAb34gIfkwx.jpg,0
09r8T8IoDVGb5ra4.jpg,0
0AyxhQCx34BHQpPN.jpg,1
0B1lcgO7lhq09xmP.jpg,1
0BKwX8eAJnY6tuUo.jpg,1
0DmS5fyHGxvPukNe.jpg,0
0Dqu0WA3bVWLaZCs.jpg,0
0E9pct7OCQibafgm.jpg,0
0EVVkUADbbfA0wMP.jpg,0
0EXc1vedNzxA7n9Q.jpg,0
0EbCTGrG1rxkfLN4.jpg,0
0EedgBISHSPtF2oa.jpg,1
0G7uwG1siV0kLyXi.jpg,0
0GVTCDsuAkuVkUIF.jpg,0
0GaMYB4asQgxkUpR.jpg,1
0HI2VqYKcsQoTpd8.jpg,1
0J0gLob39TJWfRA1.jpg,0
0J2ge3SUJst3BZ8z.jpg,1
0KiHz3f7ytABnEL4.jpg,0
0LSQ3WbeceyHSdZc.jpg,0
0M3N32vlAtFqh4xq.jpg,0
0Mo0FeDBITjiU6zw.jpg,0
0MsPO6zPvSHjhfyM.jpg,0
0Mu8IyadSijrlTSk.jpg,1
0NJRIEcad7nbIBvo.jpg,0
0NVr4ksmeJ1tfioq.jpg,0
0QAzrW2F0YE3OOWo.jpg,0
0QWyy30xpmJPdFsw.jpg,0
0RkN0ieEmCx9fxjG.jpg,0
0SX2viuWI0BShazf.jpg,0
0Sn3CbC3gk5943V5.jpg,1
0SohtTWszlNc3j0L.jpg,0
0Sr9B4KyLOJDRyX8.jpg,1
0SyJ9VMhFPICD4Wj.jpg,0
0UK1hPLBMACu3QC7.jpg,0
0UrnHDXyFFrCazQu.jpg,0
0VcqCoCjhwfqTGpg.jpg,0
0WNjJA2XAv3OvsJG.jpg,0
0WOECx85Ye1kCvEU.jpg,1
0YpD14dS7E3Iy4f5.jpg,1
0ZZqWxiIXpUNdRoA.jpg,0
0amld6IkT95aG6nP.jpg,0
0az2Dz6jF7tVYDT4.jpg,0
0brndnBoY53jVyE4.jpg,0
0c9SQQ3buUW7PAmg.jpg,1
0ctoXl7P6mVpSMwI.jpg,0
0dVTswCWvYNc0m2u.jpg,0
0dhlS1OEdZmfRnFH.jpg,0
0eJLTMw55sL9TTvQ.jpg,0
0ez8rtuD59ic3l2v.jpg,0
0gcgN3mytH63XkzF.jpg,0
0gistqaf5ZXBQ2tZ.jpg,0
0iaRxfRfPUFrkVhA.jpg,1
0j932JFyly9LjOBu.jpg,1
0kTMNiiqiUeUjH1H.jpg,0
0lBNQBNYA4JTCiRk.jpg,0
0mr7um6WSpsWICwS.jpg,1
0nCubBg9dEZOIsvX.jpg,0
0nK7QwvHW1ZcWgJW.jpg,1
0o8KaM1dRES5mgMu.jpg,0
0oHvCPU5h0Fmh5eR.jpg,1
0pmo31nlKAwg4HiZ.jpg,0
0qAiKvalNn1fU8sN.jpg,0
0qB0zHaFHWkTgSZo.jpg,0
0rvCKTuvDFsBWizV.jpg,1
0sPibEbU9Vcj19wb.jpg,1
0uxKxHqdLxKGtLI1.jpg,1
0v98Qi1uy65OQHcj.jpg,0
0wR3TFK7QlA0ZFuj.jpg,0
0wXmVRiLTolPQlSf.jpg,0
0wu8SBKdfd0ZSa6s.jpg,0
0ynXg2O2JU0Shta1.jpg,1
0zYOYSV8A3tkgYOs.jpg,1
10tFJJUKAUKmrIjG.jpg,0
11O8DLg29swlmrvp.jpg,0
11kTAbKWK5Bdc2zw.jpg,0
125niSioRyuc70h1.jpg,0
125tfy2jEeG4NjrM.jpg,0
12fFTLVU1tjfKo73.jpg,0
15DQOyy4cH2B49IB.jpg,0
15EGOwv2ZNBvZC0y.jpg,1
15Jf9szOKhJEd2lv.jpg,1
167lzcZmmBaNTMZ5.jpg,0
16BgSd7VbfMSMJAP.jpg,0
16SydZJLYUXMOxPB.jpg,1
17QoSzQ9HgpvNrby.jpg,0
18Qh2pkDQKyQBk36.jpg,0
18skV7lIIgLtup4H.jpg,0
192V6yhyuzahpOfg.jpg,0
1A5yKVEisO9jrT8h.jpg,0
1AMXgfRRTwONkXqk.jpg,1
1BKBQ54RQTbZiEkQ.jpg,1
1CDdpjpML5GGW6ek.jpg,0
1COhJhpv0AEvBBui.jpg,0
1CZmOVO1lt8Odf3l.jpg,0
1ErETE1SRa3x0JZl.jpg,1
1EyILdubWZrBDbAp.jpg,0
1FFabLNtY0oqej53.jpg,0
1FNp864CIDhUHYCx.jpg,0
1FO2Kq5BTJ2EERLU.jpg,0
1Frh8k5bv7wGL4yf.jpg,1
1G47a8F4YmCDjcBS.jpg,0
1H1ATiDCjIpyZCbo.jpg,0
1HECmailfAg08Iml.jpg,1
1HYTwdsGg3R6Aplj.jpg,0
1IiVTt66IfARgdEK.jpg,0
1J9hYRCiFFHM01bm.jpg,0
1Ka7nXcu3M8PBRRM.jpg,0
1Kh4ddptzAq9vWbL.jpg,1
1NWP5cAYW9JxPJce.jpg,0
1NyoRXWAEkahbMnO.jpg,0
1OGWn0FLZGrXm49g.jpg,0
1OW8X9zHNuHBl8gt.jpg,1
1PF6Lajou7N3LJgV.jpg,0
1PgXCjtpIpDrslk4.jpg,0
1QzLHvcEzeoOqlv4.jpg,0
1SDLiiepaSkQJSdv.jpg,0
1VHmTpd8gnCy4rNL.jpg,0
1VkvFeg5aEeJFZv1.jpg,0
1XnPTJYdyScv2bta.jpg,0
1Y9vBLZbeiKEiH8k.jpg,1
1Ye7bVKfKhcLhw49.jpg,0
1YlC3UDmiWYJTfkx.jpg,0
1a1t55RMLIlQnKYL.jpg,1
1aV5GGeKdyGS3lNB.jpg,0
1asGWfwk9pehCVP2.jpg,1
1bDzDVrqZS5BoKvo.jpg,1
1bqx0F73ZAv6Z8qm.jpg,1
1c5I952F6STXEdbU.jpg,1
1d5uIDFa7B9FD9B8.jpg,1
1dLuOrHlQ6Lz7Rtu.jpg,1
1eMH1nGYFYH4HJ6b.jpg,0
1ejYSxAP06w8CMLp.jpg,0
1fGic5vxcdPFwnPe.jpg,0
1fWvVcaiO2uoZ4Di.jpg,0
1gzmn7KGvcBWrOJk.jpg,0
1hOdqA52gUust1AR.jpg,1
1iDJxmd2mJgGuFkB.jpg,0
1iGL72fGgeUEsq7y.jpg,1
1iYSUSbw5bTlfiAf.jpg,0
1ieckQA0vv526Cy9.jpg,0
1inScBO40ft7NIlK.jpg,0
1jLds7Pxgr0aSNvv.jpg,0
1jSOnQhPhiseHvGE.jpg,0
1k2GogL1ErSPLnhN.jpg,0
1khKcb05X8LLnTh9.jpg,0
1l0ghpuytBKouuU0.jpg,1
1l6ERvZ6aFvVL78Y.jpg,0
1l85qy1cWFhNAoLh.jpg,0
1lKEBUnMsdEz4vLb.jpg,1
1lk86dK9F09G0zVw.jpg,0
1mjt79nIgIwKwk8g.jpg,0
1myYHArJKiPIiOwW.jpg,0
1nz4yR1c48KufHBp.jpg,0
1o9FUB71Ny9F90fH.jpg,0
1p1KbTvBCgCJapAj.jpg,0
1qazkGhRNoMs4RXx.jpg,0
1qlGBqPxh9zZqKU2.jpg,0
1quQMNST7HdEPCYo.jpg,1
1r1AdMpKzfujV74C.jpg,1
1tIRQPm9aupSmvAj.jpg,1
1tXMffsEaxvQnipH.jpg,1
1tXq1ZOIpJA7H61A.jpg,1
1tapW2Fn7frOuj5A.jpg,0
1tm9JRDf9EEDI3Zs.jpg,0
1u0JEyXGMOUrQat4.jpg,0
1uaXnx8hsXyuByIv.jpg,0
1uc5INEB8odyCFP4.jpg,1
1vysk7rwQinu2gZM.jpg,1
1xx4EOu4kEnzenLB.jpg,0
1yX4dWANQCueZj0F.jpg,0
1z39QutzcsG0uwnH.jpg,1
1zLt9fJTRrTNBJDd.jpg,0
1zc2LWon4ylZDJDK.jpg,1
20WdccpgGMKSthFe.jpg,1
212EYVL5iCNcP0kt.jpg,0
219cGScUIgIALVgG.jpg,0
21ESa180dmg2hk83.jpg,0
21oQ1ouOyYz03zr1.jpg,0
22aCSqZTPQwBRNoO.jpg,0
231cgiUEQNjxKVJe.jpg,0
237OdeotiC9V8LBQ.jpg,0
23Pz3mCMe4W0TWh7.jpg,1
23xdzfGZUfMIdoyy.jpg,0
24bLnp1DZrNRuIHE.jpg,1
25CdNevmNejtRURZ.jpg,0
25KYk2ou4MHzBQKH.jpg,1
25bFpugV2a39YqGR.jpg,0
25tBninLOo6YRwYq.jpg,0
26a5YNTOhjfOVuP5.jpg,0
26aE1Zv0yojhjga7.jpg,0
26sLTE2kn78X131g.jpg,0
28ZgzmO7fk1Y6qYi.jpg,0
293qmoDRQPVFh4BP.jpg,0
2A0BOBRhWbQUkIzI.jpg,0
2A3UR5mINHXLhHyq.jpg,0
2Ao4uOiTzXjNKBat.jpg,0
2BlxTRZucas4KOKr.jpg,0
2CDW9wmeVRiqaePh.jpg,0
2CPGqkXmHJ5fZTde.jpg,0
2DVlEdHsONagVGQJ.jpg,0
2EDNRaycgxZ8qUhz.jpg,0
2EUy4RIpbTc357VZ.jpg,1
2FHqxLlBbP5ngOXV.jpg,1
2FbA60p0YxDLczJ8.jpg,0
2G9OG7cWBPvhbbo9.jpg,0
2IJ4kJX6B2luILGs.jpg,1
2IlOrT4ZQsLfPbrr.jpg,1
2IqitbZqNwEfIMCs.jpg,1
2J1oSOQk4mIZC1hB.jpg,0
2Jl2txF2vph38w7c.jpg,0
2Jr7peSihT0QT7jl.jpg,0
2JxGoWsz303maK74.jpg,0
2K0yopKPjJeRx2ch.jpg,0
2KOl8cqurwvlwif3.jpg,0
2KmoSN2qtwUVxqcz.jpg,1
2LzZrpHWrZgxLQQT.jpg,0
2M6Mk87dkF1ZwDsw.jpg,1
2NkfcnyfENacGUkL.jpg,0
2O0sbh4tzl0oonCk.jpg,0
2P8SlwxUfl0r0zLs.jpg,1
2PH8kelF2AVKgOy1.jpg,1
2PtnAAcyIkBLEpbf.jpg,0
2Q8bGkAFl0YxSEVF.jpg,0
2QdnUcXmEXysjdfP.jpg,0
2QjK3ZamC4bu7I5o.jpg,0
2R0iHzCJvHgcXiEh.jpg,0
2RPGSFQdnXQs7R6s.jpg,1
2RXJzwn340q5lxyu.jpg,0
2RqucfqMRCxivV2v.jpg,0
2RrVCaPXWIFJvW45.jpg,0
2RvamhIKEiU9Tn8K.jpg,1
2RyNFtGk1SzPau3Z.jpg,0
2SnTq1TaxBDkgvwm.jpg,0
2T9d0UcsIyM3Il7O.jpg,1
2UoEV4xK2WaQitQ1.jpg,0
2VFB3IqNI3LXzuGu.jpg,0
2VPOTrbE0PC1g5Sc.jpg,0
2W5Cg2Y0ed4Dr3hh.jpg,1
2XJ3cdwpnmkw3SaT.jpg,1
2XbgI6DBVYYEpBuv.jpg,0
2Ygib5gNMeglFBHy.jpg,1
2YqwEWoB53rPxSMG.jpg,0
2ZZw0ofgqKRlsYNK.jpg,1
2aVqu2nWadKmCrb5.jpg,0
2aiLkVprABkBiiSP.jpg,0
2b1A4e4UDpXklnjc.jpg,0
2bH63B496RZAIDcC.jpg,0
2bP23OTbC8yNd5DA.jpg,0
2d0bF2KFTPyd5WJF.jpg,0
2d7NEgPo9ZP9Q7OZ.jpg,0
2dewjXdyPIisQxEs.jpg,0
2gXeJYp5LyL83DQh.jpg,0
2gbYUHMmbCTfKv7c.jpg,0
2hm83oHKGt5OnMqK.jpg,0
2hzKUO5m1AALXXs7.jpg,0
2kH6J8V6gLLA0P4U.jpg,1
2mCzB6L7kQOnzLc5.jpg,0
2mlQkYA6tEoGztS9.jpg,0
2mqXlwTpaS5AH2uO.jpg,1
2n9EQ1a9ISj8i5Hc.jpg,1
2qc4VTQw09Y7pQkz.jpg,0
2sHTQkobivGI3OVN.jpg,1
2sL0xPKr1K2zKZP1.jpg,0
2t1HfgzIPbO8iX2I.jpg,0
2t4DosExKuMdS2VO.jpg,0
2tIiGH5J63jfXuwz.jpg,1
2tnsSYc1okKP0MSh.jpg,1
2ui900puNWaAf3Al.jpg,1
2wlbSe0H01sudOan.jpg,0
2ysSQptp2SvOe5y3.jpg,0
2zU7qX4cm9dDR9vE.jpg,1
306rBxi3AMHFjkwz.jpg,0
307HTU1yxqbPnasG.jpg,1
308sfscL4yRJ6QM0.jpg,0
30irC49sftaqR2wX.jpg,1
30qVviOJF7x5bDu6.jpg,0
315JkTKp4qn2OvXF.jpg,0
320U9XGHMSRicfJ5.jpg,1
32o4XKPRvPprHmaR.jpg,1
33ItPZ3cORKw5oLD.jpg,0
33wc8cBTEmdZQk9d.jpg,1
33x1ea9i3jKETIpZ.jpg,1
349wCkmu1FFmnqDb.jpg,0
34H3fCxNl9oGRH4I.jpg,1
34HnEUiJKq13RoeX.jpg,0
34W6hwG4JaG34lfr.jpg,1
36U5jiDBOxhmvAma.jpg,1
39ErKp9A3blXcsrP.jpg,0
3AZhnrviCg7o4dTt.jpg,0
3AksuntzEYxoFV1N.jpg,1
3BrljCA4XpyOvVLL.jpg,0
3C4Ke8MkrZUhvEUt.jpg,0
3Cil3eggmATQPjFm.jpg,0
3D2H0gpWEAIG6Cws.jpg,0
3ERUwDfqyDm1spT8.jpg,0
3EpJ5IdNnomodZ8P.jpg,0
3FUHIaxgsWU8LVAL.jpg,0
3G5LGmzsSE2WumSS.jpg,0
3G9zHjO4gQvbvgks.jpg,0
3GDgU7NaUNAzhJDB.jpg,1
3GVRM7ZoYUCxoxlT.jpg,1
3HcPcWP59B3ECbA1.jpg,0
3Hiep3YHVVD5zQfd.jpg,0
3IFJOR4KwEFKUcH2.jpg,0
3JNa6Q7EW54MSish.jpg,1
3L3LVwlu71nf4CsC.jpg,0
3Lrsu2X7kklhOekd.jpg,1
3Mjf5LRAcNugGtIL.jpg,0
3NuXAAiLKunCszgG.jpg,0
3NyJPXEb9FmrGIYm.jpg,0
3O7tYf4y9PFZaJmJ.jpg,0
3OOG8zoKMsBYxqzY.jpg,0
3PBdZ4Dktu8kQWln.jpg,0
3PPcH5h3COSuvtRR.jpg,0
3PzCnI0eRLz63Kky.jpg,0
3ReH10kdxpEZfm1d.jpg,0
3SIGjZ0M7hkAPdmU.jpg,0
3SdOjrC1YYv11u5E.jpg,1
3SeZZb4Bk3Nff8wX.jpg,0
3T0lMml7KP0vTiOs.jpg,1
3TfsCQljWgqU5g6t.jpg,1
3U12BsY1UGNR5DFr.jpg,0
3VH0GiHy9hOWjB4O.jpg,1
3X8xSz35wnNPzZ56.jpg,0
3XqNfD3xGassEs1F.jpg,0
3YQM6DnYtPXXCMXY.jpg,0
3YdwZJKbRcLFLNZe.jpg,1
3ZSRKUI6rjNFTPmg.jpg,1
3ZSakCFONylKn8uL.jpg,1
3a6qqCQc1sKxYacR.jpg,0
3aHY1u61Fqg3Svhv.jpg,1
3aJJQlMHAyz2Ol5z.jpg,0
3bBPWW4nsLALMB9n.jpg,0
3btRnXSnW5hwlmf0.jpg,1
3c42vaja3M3i3kdy.jpg,0
3cV4PVIbkwOzUhMg.jpg,0
3dt0pR1gq1ZRu4tq.jpg,0
3eVOVRQRyOc59CEG.jpg,0
3eebEZK5Dgr6s2Qx.jpg,1
3h9zeFpbQKVo8zJc.jpg,0
3iEyX7ra2HblI9UB.jpg,0
3jWpSTVaiuvWgb9x.jpg,0
3jfZDbRe49vMAums.jpg,0
3kEmC5T6yPYN9h1G.jpg,0
3kptrtwv70vDFlPJ.jpg,0
3lYKIJZ4R2Df3Jfr.jpg,0
3ltVKUWUpdHCC48X.jpg,1
3mBg6RCrJoDmZvaP.jpg,0
3miNJTKa2QpxKh8t.jpg,0
3miW85vvQvY0a74H.jpg,0
3mwJrWXLZ6VlUHLZ.jpg,0
3nI7mLJFFKvqRmtX.jpg,0
3nTsqX1iGiCZfkwp.jpg,0
3npBQKzwyEoNm9d8.jpg,0
3pAEtdbqYpupvGjo.jpg,0
3pOJDZjgYPKFDDhX.jpg,1
3qMmmklIuVzFduzU.jpg,0
3qxNgxDTggd6ELcV.jpg,0
3sJnzwvd30akmX6u.jpg,0
3sMEBdQj7rqJvwxc.jpg,1
3sMq81ZuHyMSSMQS.jpg,0
3sZo1SGWl0bn0hl9.jpg,0
3svwPSeRTLk90fVP.jpg,0
3vA7XmfZdVKTUmUw.jpg,0
3vIcfLkY1uklVb2A.jpg,1
3vq0tyfvLKHiBZEJ.jpg,1
3w2yyzCEB9aaSBWU.jpg,0
3x3ieGft1S1CbW1e.jpg,0
3yuPkYkSDgmF1Clx.jpg,0
3zC5yJVGCp1WSXxE.jpg,1
3zITzZlloKWZkIPc.jpg,0
3zRrhFrX7iNbTF2E.jpg,1
3zUAlUuh7zsi91aw.jpg,0
3zb3X7B1Jn9t0Cw0.jpg,0
401yN4yckr5C0bjI.jpg,0
40JLQZZMvU8IOHw8.jpg,0
41kw64o9bKBRHL5b.jpg,0
427t9Z0Pcf2t0iP9.jpg,1
42QS60V8Xeo7bdGM.jpg,1
443nidn7antnkHCG.jpg,0
46EimZuhowbWYito.jpg,0
4757NTgeNZ9OM5oc.jpg,1
48FBxgynKvI3l0Eh.jpg,1
48UNg0nDgxbxguOm.jpg,0
48WmoL9HjPcHIeZ5.jpg,1
48c6N3s1QtJpcGYv.jpg,0
48cUd7xflc7bHoNp.jpg,0
49HdWvu3BeUaBGrn.jpg,0
49eZxvoytoU6Cs8x.jpg,1
4ApV3SrKZCDK0HJO.jpg,1
4AyyicdnEEnEyB7t.jpg,0
4BD2xd62FJ950VK8.jpg,1
4BOrsXWG2njviASJ.jpg,0
4C2v997SrzYBEFN1.jpg,0
4C3tPds04mO04AJD.jpg,1
4C88Ls2i5KV3uses.jpg,0
4DdGTRK32DFYEble.jpg,0
4EXub2J6im7HJjhz.jpg,1
4EY9Ki2WkPDEQIQl.jpg,0
4EcmeNQ1xtYE4iw6.jpg,0
4F6Og55IKJHCBBwQ.jpg,0
4FIeCaqyztsxqu1w.jpg,0
4GRGzCAlpXqNnAeQ.jpg,1
4HD5XwmbF9fJ1Uam.jpg,0
4HD6YvbGxoP35lcj.jpg,0
4HJRl89cN50aqxxS.jpg,1
4HLj8BecMo83zMn0.jpg,1
4IywOa4EVnkQ3Bqe.jpg,0
4JSsOIarH5wvutWv.jpg,0
4Jwvm80LGxUGVGcw.jpg,0
4KEduPSzr0KDqXHx.jpg,1
4L003vc9qWqO37xb.jpg,0
4LF8dz6KSYIALXPE.jpg,1
4MDu6O62dAuCFp2A.jpg,0
4ODOO9q3Ty3PpBRO.jpg,0
4Pk00EQFGzT9ovG9.jpg,0
4QXbg1sjWGBjNFdD.jpg,0
4S2YFz8oMopDB82p.jpg,0
4SDJQOMNWEzqNFSn.jpg,0
4SaIagEjaefZJ6bU.jpg,0
4SrEkrZNxoTD98vk.jpg,0
4TO8q13f6qVQwLjY.jpg,0
4TSPSL3MyuRWvpBr.jpg,0
4Tco0kYpD3drfV7o.jpg,0
4TmmQkSkyuNj7MD3.jpg,0
4Voh7V9z07CeRU9n.jpg,1
4W3YT84Mhzm3jFZb.jpg,1
4WZtkRDoKixDokfr.jpg,0
4WsUEac3NCdopCmN.jpg,0
4XYQHlnBW8831lDH.jpg,0
4YFYP8QCdC5WG6KQ.jpg,0
4Yl1eiUkntkBgS9q.jpg,0
4ZDQAirBmcn9Hcsk.jpg,0
4ZtHidkEbxNKd9hU.jpg,1
4aKG9niwvzu67BX6.jpg,0
4atW0pEFT2CvOjYq.jpg,0
4axnVA4Z3DXFyqgD.jpg,1
4cGY9l2I5RJr99EF.jpg,0
4dM63mbPCi3ryIZM.jpg,1
4gKqjZZ46XzB56NI.jpg,1
4gtkz9l44jGSF6bj.jpg,0
4hzCS3msXz72Cdwl.jpg,0
4i37Ur5KoNaslpCe.jpg,0
4i3xJA6FBr5RHLf5.jpg,1
4iDdgMQ28d0hqKKX.jpg,0
4iNEODJCTs6CZwrM.jpg,0
4iRsLnwKahxsGwlu.jpg,0
4jDeaqS2Mj4xqTaI.jpg,1
4jdX7ziyOmzYH224.jpg,0
4kGKwDSkUbuXqyd1.jpg,1
4kHStzcWE1jZ0VFd.jpg,1
4kQvNn8xd11C3sGK.jpg,1
4kTbrllvEwn4Td9Q.jpg,0
4kUNhCKbmAvv3OFH.jpg,0
4lhf8moR9lGU25as.jpg,1
4mQmiCHDk29ZN5cX.jpg,1
4muxSTFPps4vXZ86.jpg,1
4naGt6dGWEtVpif2.jpg,0
4nq6SFaf411D6Jm5.jpg,0
4nrbFgJVocU2RKOd.jpg,0
4nuEzOfQh6PH3Or0.jpg,1
4nxreI84dvg3wJ21.jpg,1
4oKjUr81G2s9Oz96.jpg,0
4pQeaIEV7Z924PGx.jpg,0
4rYavz0axEiITqps.jpg,0
4rjyEhdjzakkTH0n.jpg,0
4sRFEhVLUMH3UZhO.jpg,1
4swTsngFWQGkqDPL.jpg,1
4t88EUjkmImFTZYP.jpg,0
4tdKyv6ECCN2Ynsj.jpg,0
4teENiL1ijFuwQ1H.jpg,0
4tmPQAE2Sf1xQJCe.jpg,0
4tma2XAFkduWrDJI.jpg,1
4u2xlE9g5n0kvLXM.jpg,1
4u3LTehEZKPdVFtw.jpg,0
4uNaoLk0Q5uVhcKy.jpg,0
4vL8rpHj9KZfgMJh.jpg,0
4vLqdZVXOf50VtoC.jpg,0
4vWLpXXZzJVIFc8o.jpg,0
4veTKN2ivoUtCrfw.jpg,0
4wPlxeCvVSBJEgQx.jpg,1
4wgfktJfNweoy9su.jpg,0
4zBSwnb36ub2JmPc.jpg,1
5077CaKEPchCsnA0.jpg,0
50Woe6jR6ggu54jU.jpg,0
51vEqZWMkOu7QVvB.jpg,0
548s7YUcR4K0VYLN.jpg,1
54KRZEiyCr917O5X.jpg,0
55OmYLHxporFSb55.jpg,0
55bO5yHuKBdZz6BR.jpg,0
56ZfRTlgPQVKrMNr.jpg,1
56ede24TvvsWiC6a.jpg,0
57RXjJNnXmps3XI4.jpg,0
57seenJ33WzSuELS.jpg,0
58swAqQCPgOWSS9M.jpg,1
591bepO3mUCZSuEn.jpg,1
59RvBiMSCKCSAoq5.jpg,0
5AzHYqnOVZpWTvt8.jpg,1
5BcRm70qJWFsEzmN.jpg,0
5CKX6upNuzmcHRDv.jpg,1
5CXYFUYRXMqeF75D.jpg,1
5ChO4U3mts3kbJIm.jpg,1
5EO5DHvidnpxdRzQ.jpg,1
5Fol9WtguiuMOqJO.jpg,0
5Go1NX72luy10wDq.jpg,0
5HNeD0FSGX7mXzqF.jpg,0
5HWUtz9kAId2ZNzj.jpg,0
5HXoAZBs1zsQy30V.jpg,1
5Hm0nHj74VYvM8bp.jpg,1
5I7j2bH3QAgZvLzO.jpg,1
5ILiovIbZCwx1gpY.jpg,1
5IinBY7aQVsOgO6E.jpg,0
5JbIjejBUW3YQPb4.jpg,1
5JeOhgxmnGT8zHbD.jpg,0
5Jf3Vi1uF152dW8T.jpg,1
5JpohyjPL8LeiXe2.jpg,0
5K19NvAwJImPZx8R.jpg,0
5KLi7ZZLbJnXxo1u.jpg,0
5KqTo7V3b4O07LdM.jpg,0
5Lcu4GY6vGfJdp7q.jpg,0
5Len7Bk1Nt8ksNm9.jpg,0
5M3m6qzmzmQ4buze.jpg,0
5M8eLdigozWfP1FG.jpg,0
5MK2uMwz4A628bEK.jpg,0
5NIJYZl86lR1cejV.jpg,0
5NdrpcNj9CYhwAoT.jpg,0
5O9FjVV8wety6GmS.jpg,0
5OjViUYfvOZrqU2f.jpg,0
5P27wGzT6pBohGfh.jpg,0
5QPHSwmhjTHshune.jpg,0
5RNGytcIVk8vW2Hd.jpg,1
5RR1FByba1BRUht4.jpg,1
5RYZRiTAh2QaPqqK.jpg,0
5RtkHmZpcJVh1iG6.jpg,0
5SDC3cvBoafp3WdZ.jpg,0
5SSBN7n7PXKzlUxQ.jpg,0
5SZINZMTObcu75MF.jpg,0
5SrVe2A4fkTlzU3z.jpg,0
5TfRmGxuOYhtXEOP.jpg,0
5V31vj1GQHPYCAXi.jpg,1
5VJFOvd9hCrZBzSp.jpg,0
5WSbjH4rJkpc7onh.jpg,1
5We81R2q0MRxdE8L.jpg,1
5WpTh8A6vf3mNhCx.jpg,1
5XC7GJ5ZV7ZsDBhv.jpg,0
5XrfSiS9EZtZs3vM.jpg,0
5YKjhCVMTqg8nRy0.jpg,1
5Zg3sAl0YagRCIIu.jpg,0
5a8upn46mzYjSlW8.jpg,1
5bknkvoPjDdk9Y8L.jpg,0
5eM3X2Ks2NZHbaYI.jpg,0
5eMfeMz9KYGMcIgg.jpg,1
5ezDhwCLwGRaYSM8.jpg,1
5f53ekQstxb0PwiU.jpg,0
5f5zthstYuICksTj.jpg,1
5f7iLBoaYz4TFnsv.jpg,1
5fF0C4JSHVlrtRCW.jpg,1
5fLpp92LaZYHj488.jpg,1
5fUPcEedEU1zPqcc.jpg,1
5fdFK4f3J1dnjP1a.jpg,0
5gfZCVugAdaW8Xv6.jpg,0
5gxmc4Dj7xXR6eEW.jpg,0
5hjV7sszJHWQVCaW.jpg,0
5iUBZNRn3XGF7WDh.jpg,0
5iZL5Rsmrb7SlhKN.jpg,1
5j2s7K2s19HcbSHI.jpg,0
5j7MJVhKkagxCQ4P.jpg,0
5jE7DxgNkIaOVEXp.jpg,0
5ja6dhu3nObSbauy.jpg,0
5jiDsxGevYQfSWsj.jpg,1
5l9KvIk5ipX7RJDA.jpg,0
5lZoqMIR5Wtz2dUm.jpg,0
5lbZhODiOekvMU7S.jpg,1
5lfnrJaLurPbEpe2.jpg,1
5lftkUEdE8Tp4ryr.jpg,0
5mFnRJLcJDEph0K6.jpg,1
5mj2BNHQFOlfyVQS.jpg,1
5nGBdSQ5abTly1JZ.jpg,0
5nkgwB1OMrpJHvrC.jpg,0
5pdSsPHzOqUTll6C.jpg,1
5pjtg2IGdtqGOmjG.jpg,0
5pvfYXGHEcq5Dpfk.jpg,0
5qVkFzifOAbS1XVu.jpg,1
5qnwSpOGcD7KT3lj.jpg,1
5snnnPAKRjupPxWl.jpg,0
5sxnU0y3cwtq28bV.jpg,0
5upE0U3PUiaRkTOg.jpg,0
5utdD5ORkjcgoZyo.jpg,0
5vRYc6Nufk9cybfw.jpg,0
5vjGAQ9tSUp41pex.jpg,0
5vjzhI8iBJj6cOBg.jpg,1
5vyNeLkqMpIg6cd4.jpg,0
5wxLIunV41OYa0Hz.jpg,0
5xApvR31rE8p3zNf.jpg,0
5xERpzVinItstjN8.jpg,0
5xhlE7nvj6jY6IjI.jpg,0
5zXPg179j31zge4h.jpg,0
5zb8oM5AUuVX4sht.jpg,0
5zeyo0A1f8HYFGli.jpg,0
60A0BJjE1sM7wINW.jpg,0
61IIV3NI2SX4NpPd.jpg,0
62GFxAs8aJR8YFWw.jpg,1
62IUeWuBEhxobyb8.jpg,0
62M5jY2gtrHhAt4K.jpg,1
63PBPoEAycSMbKIo.jpg,1
64GhK8hBlmlqBdiq.jpg,0
65Xnv4IDtqExtV8H.jpg,1
65gxD8tYOHwjCGEL.jpg,0
670UF3IK4rTxvwvX.jpg,1
67ASFqndzWDfOket.jpg,0
67e1qAb3qfSPyJfk.jpg,0
67eqtbnidsSCk6zo.jpg,0
68WUJU5xBIaPMorV.jpg,0
69DeveCpzOnYwgVv.jpg,0
69POGg089dzunesf.jpg,0
69Vfh53ztuJvTW67.jpg,0
69tWRwLV6ohukTOH.jpg,0
6A0THtqI5NIpIBtF.jpg,0
6AUGQstRTmmaoxRV.jpg,1
6ArAanBE4uGwpTyE.jpg,1
6Bu5abvGWPa8hyA2.jpg,0
6CTzaf9sCYT5tWN9.jpg,0
6DRfgH7xH80Oyvb3.jpg,0
6EEpeZdFHj8iQvpY.jpg,1
6EMjDov8XcNcdagN.jpg,0
6F7aOblTlm2ehzni.jpg,0
6FqV88QwkZ6PumRL.jpg,0
6Gf6WDsq2Cg0t4PH.jpg,0
6HGHmAXyERHldSur.jpg,0
6HutwoBYggKzyET2.jpg,0
6I1u7xsltpAW8ozy.jpg,0
6IHesFM6RUe7lZxy.jpg,0
6Iwt4OsYDeCpW5wr.jpg,0
6Kd9TSYBOqiMqDCO.jpg,1
6MA4KI1krfhX2VFw.jpg,0
6MRsdLSIDekJ5zSM.jpg,0
6NZKKsO5MmyAa2hs.jpg,0
6O6sieFVyoWWeGYo.jpg,1
6OeauhA6vLfLZuOP.jpg,0
6PJeUxGuGLEDXTU0.jpg,0
6Ra319GT0elogh9h.jpg,0
6RvwvX5gBMpdGEL2.jpg,1
6S42Oadyl4EFkrNp.jpg,0
6SIUUf35HgB1HQtR.jpg,0
6UIWIMVdL9Y4s7VN.jpg,0
6UU18GC61jN48xPV.jpg,0
6UUSea8BcqMl9PFy.jpg,0
6VQRZYqlUyg0ViGD.jpg,0
6VY39Y91fwSaK11w.jpg,0
6VrgO7TYaoyw4wuM.jpg,0
6WLuPASTNWO30xnv.jpg,1
6Wr2OtYiSs608IrT.jpg,0
6Wz8OYJAGobyEb9k.jpg,0
6X1jM2UpdrsLZven.jpg,0
6X43frfoeD8dmkNK.jpg,0
6YNFl66l7jgmgJ46.jpg,0
6YqbVM1VkaJ4gGEF.jpg,1
6YuwuQK7NXdkbWiT.jpg,1
6Z0THaALAGdNRIR3.jpg,0
6ZaBJojQCSi53DdU.jpg,0
6Zv60dq1ghpbXK5Y.jpg,0
6a4hBHYdNYhJB66C.jpg,0
6asKTAXDFfJo8Dh7.jpg,0
6ayKAQglR5Zkfnmu.jpg,0
6c1oF1HowVDCTxzq.jpg,1
6cKrWin5ufLNQB6P.jpg,0
6cofdUEeNH1pjfi3.jpg,0
6dVFdZ2xRaGTHeqI.jpg,0
6eZm3v1lmHCGQTJY.jpg,0
6f54YuLnZ3g0ajAB.jpg,0
6g6iaTtc3lSQmxFq.jpg,0
6gV7PtyB5W8EfttH.jpg,1
6gjI0i3IGhriqG9N.jpg,0
6hFRj12unbHsA993.jpg,0
6hPhkuBnjbfG2ZJN.jpg,0
6hu9JXLFpO92qurV.jpg,0
6kDFexDA7RukJ95F.jpg,0
6li87R7z5aZe1zaF.jpg,0
6lmlWbtmyCjyjI1q.jpg,1
6mU16QWmnMYM6eJF.jpg,0
6mudOtXFSEbccDUl.jpg,0
6mzH3gGfqdR56Uif.jpg,1
6nVfV6BftT0vwi5A.jpg,1
6ng4APJwQnl3IB5s.jpg,0
6ov0fQ9aNA4BmK07.jpg,0
6pNQMnn13a6qdPp1.jpg,0
6pcZdzxc62bgEV9Z.jpg,1
6prfmAI5ZEzIQNMB.jpg,1
6pv7dQzzBDqeBBhk.jpg,1
6q9HbysLUgbLYp91.jpg,0
6qkiOn6gadH83Joe.jpg,0
6sJpx81qOoB0mYbR.jpg,0
6uVmOSi9dOLMx2UY.jpg,0
6ueQz2KCvsIhyDi8.jpg,1
6v1XhT7Z9wTothGq.jpg,0
6v50jJ0huIR0Ifcp.jpg,0
6vGWARggYICmNqdp.jpg,0
6vlUx9cUiG1Zp9uL.jpg,0
6voRrxsbIRgB62Na.jpg,0
6vspGozeiUBJAkvW.jpg,0
6wX1XBauiQiVSMUe.jpg,0
6wlqfLTuEAmo425k.jpg,1
6woCPAWLckSfZxPH.jpg,1
6xtUvEtntqslhgKR.jpg,0
6y6TGrOKiuprRkep.jpg,0
6yaU88J2vaQsu34d.jpg,1
6yfB0AA8J1DSJVzj.jpg,1
6z8LfD7hqoKzIlpG.jpg,1
70BfB9aFOHMJ2QAw.jpg,0
71P8d5O9W8U70gGp.jpg,0
71b32ZUaAaksebi4.jpg,1
71iaA2E5CYs1Kh3a.jpg,0
726i6j0AUWZkzTgQ.jpg,1
735Fj5Fgem3m1ZMk.jpg,0
74dgkHy8GDDaF9uJ.jpg,0
75Scj980nhPGVgpl.jpg,0
76qDT8OL35onw4N5.jpg,0
77WyaUjGkp9BosUC.jpg,0
77lH82otYD2zbqvE.jpg,0
78Ao5LhRYAFdbGUt.jpg,0
78FJ478sttkm7ISN.jpg,0
79TAOG3suec3Tk6U.jpg,0
79hTCOqCO2lhoxMs.jpg,0
7A0ChiXjFynygFRv.jpg,1
7AKan35qryjdWyfy.jpg,0
7AyzNDkkA1RnNut4.jpg,0
7CDg1DL0KbtjRC5w.jpg,1
7CNBXR1KAkRYbtcX.jpg,1
7CwaNJRCbkFSYGCF.jpg,0
7D5lUjRpg4u5fKij.jpg,0
7DNePbNFBkxCsMY7.jpg,1
7E7D2H9ZDjpyvU9f.jpg,1
7EKq7w8NMB78grIG.jpg,0
7GaGc2yhvEqB6TlZ.jpg,0
7GtgBksRZNJyUqIv.jpg,0
7HsqZblyQaYBSONJ.jpg,1
7IUd9w3r78wBfctE.jpg,1
7IcL5IHZHi7utM7J.jpg,0
7JAjaS86o8PSBlVu.jpg,0
7JrM8YnvuBQFBGHB.jpg,0
7KKNXeqajO2QxXHQ.jpg,0
7LZONUh467V78CJH.jpg,1
7M41luFid2WGlpn3.jpg,0
7M5zgWbzXTmoau3p.jpg,0
7Mjlvx3nkc1xHuMw.jpg,1
7MqJ9dE1sxHEVLgt.jpg,0
7MrkvFDoU2kk0bAH.jpg,0
7NZBMg5ydRjhx6z1.jpg,0
7OcmV8ftBruu2HLt.jpg,0
7PHzROPqt8Ri2pTh.jpg,0
7Qkau8YSk9DJlyib.jpg,0
7R3Z62Kp4ewtKoxx.jpg,0
7R5Bgub5iHi7BwSA.jpg,0
7ReLw2Xq84k2t8Zd.jpg,1
7Rf02nPRzNwChXZC.jpg,1
7RsLqQCAikF7m01G.jpg,0
7SexAEGIhkjdKL55.jpg,1
7V32J2rvUqGUyPlV.jpg,1
7V7kZjYssMLphV9A.jpg,0
7VAhBzgS0NMCQjIb.jpg,0
7XbBlUNWIlmKhiNt.jpg,0
7XmOzV309Luh58tp.jpg,1
7XspF06mVBxJFPkE.jpg,1
7Y0KxNtjpxyUz7iE.jpg,1
7YJYI0Zp3E0H8Hkd.jpg,0
7YfJiricRvFjwQjk.jpg,1
7cOuh71u91wHojv8.jpg,1
7cn9Y7NAuSejuO17.jpg,0
7dI5CtUyL54ehseS.jpg,0
7drOAYvczjwSNIQJ.jpg,1
7fPZG2thLYJpmPqr.jpg,1
7fwlwvtYoNR4YhSk.jpg,0
7g6A5S1FFuRU0izg.jpg,1
7gCyCeBQFL5XRb4k.jpg,0
7ga3HuQHuY0qCGDJ.jpg,1
7gaLYPjuslK5KVPm.jpg,0
7geUbSFNHrrB7EsO.jpg,0
7iJu9MvMImhL4NER.jpg,1
7iKVehkUsRgiBcQk.jpg,0
7iS35vDuJLSbtqKm.jpg,0
7ijfhDNvrfiXsIkZ.jpg,0
7jFjPgNWS1sSY7Fm.jpg,0
7lR3WFSkrce1Gdmw.jpg,1
7o2b6Feh2GCrbYTY.jpg,0
7qShoc4XFfte7sSh.jpg,0
7qkQXYzY4oo4yl3r.jpg,1
7qo2ztFjI3dsUu0C.jpg,0
7qsbA6GH8a5CwYQq.jpg,0
7spdRxw75JG2TLjW.jpg,0
7sqZPZqo9FrSZkKN.jpg,0
7suiBm66ePoIO4Nc.jpg,1
7v94dCD7rppyxon2.jpg,0
7virVcJtt4tHGKhq.jpg,1
7vqHfZUIyrjmdV1o.jpg,1
7xNFGnooqKWEeBF4.jpg,0
7xNeZprZCqXmaIOM.jpg,0
81Nzjq4SO969c8Kp.jpg,0
81YHXQCddy8jwVKF.jpg,1
8279EdlEFBVsxGjs.jpg,1
82VVcV6N2yeAx8iB.jpg,0
83V52kqqlUJNrK6a.jpg,0
83wFkjt7Nv7V7Ynm.jpg,1
85Ko5wOeHWlviCvd.jpg,0
85kfVqHQMuzXcK6x.jpg,0
85yp7UGcy7NJUxBE.jpg,0
86AsArM8oBUH54jl.jpg,1
86OisPHa9KcEHVA2.jpg,0
86hg8R9agAspgaw1.jpg,0
86xwiDkJ3qCs7pBa.jpg,1
878WxUN1NvXNGY6C.jpg,0
87EMV8ltjuX6S0pI.jpg,1
88OBO1aKcvD0fQfs.jpg,1
891EpByewKA9zTAh.jpg,1
89PqSU3qJDYnbuyO.jpg,1
8B3oazt5OWBIjgN2.jpg,0
8B81aeD6AJSc5ghO.jpg,0
8BKY9reOewtLGPqY.jpg,0
8BUmczy2ERO4kQyJ.jpg,1
8C0t0s6llRoLaUZV.jpg,0
8EXAbT8bRAkhC8QK.jpg,0
8EgUcjcN9xFHl2I2.jpg,1
8H5qFrJGFTf3Z9WZ.jpg,0
8HBct60eTx1hnBMw.jpg,0
8Hyx40HJezfPqZQ9.jpg,0
8K4bjUlU2lGjzE5g.jpg,0
8LxvtIwckRjRFhkv.jpg,1
8MEG2Y9m92aESo3P.jpg,1
8MS5jUCBSXJ3y8Fv.jpg,1
8OMiE6FoYirUwHGG.jpg,0
8P4rfGEnqrXbteS5.jpg,0
8QGvyYRhhYKCNKBu.jpg,1
8QuFMYNugdJ3jQWO.jpg,1
8R6zZoPS6K17FbF9.jpg,0
8SLkBC90UlSI4UsQ.jpg,1
8SNrZiGTTyEzMD8n.jpg,0
8SrFG0tTblFjUpY9.jpg,0
8T3j42aWCZ87GSd7.jpg,0
8V8ui0BIDKmkn0Lf.jpg,1
8VeFzQ3tVHrwbR6O.jpg,0
8XvWPuhHNgW1rPAX.jpg,0
8YOkzcRa7GJwvh4q.jpg,0
8ZVzNDklS13hmNSu.jpg,1
8Zoh5JOrlvOySWJ1.jpg,0
8a9yvHahinfr4WaP.jpg,0
8bRNxtYhRVBO7V4k.jpg,1
8bhnaXW1rUJxeC7f.jpg,0
8chX9JnvqZjZYMIG.jpg,0
8cw0JfGVkZ21XBsQ.jpg,0
8dCTeS2BHcEDkDxU.jpg,0
8e8MS50OZBQ1axfc.jpg,1
8gKFoSZS0RsVXtEY.jpg,0
8hHc7dKyuBt9r7EV.jpg,0
8hnfJfcKEH0ZYA2w.jpg,0
8jMAPOxTy5p4Vykj.jpg,0
8kjG7lWzbQyfGqzW.jpg,0
8lPfLevs2OKMHRXT.jpg,1
8lcrcFpkbmHlbtUt.jpg,1
8lfu8ZuJHCRiQNlG.jpg,1
8m6ByR6VGVAdMuS0.jpg,1
8mYAZqsERx0fHnw3.jpg,0
8n53G27v9qLT8Faj.jpg,1
8nGf23IqdH5QDq6L.jpg,1
8qhlXt6p1SSP7YHm.jpg,1
8qpLpL99Y1DrCMRR.jpg,1
8qpbEk98ZhvbZ9zn.jpg,1
8r4K5KmiWMrFDI6M.jpg,0
8rVxcm1V150pFyRF.jpg,0
8rnblGYChOK77kpi.jpg,0
8sUctwnmAilifNLF.jpg,0
8svcdHfvPPur1iz4.jpg,0
8sxCRqnoDB9ycNIw.jpg,0
8uBXL1s2I51lBdhf.jpg,0
8uPlyTv6xJltzhwf.jpg,1
8vGvahaQBhsPrYrC.jpg,0
8vV4UMyDP81HU0Hh.jpg,0
8vWOjatzcWOZ7rn0.jpg,0
8vrWKKWBdejxbt4o.jpg,0
8xeLjzhPLJGNLzkz.jpg,0
8yHnWKvP0APeKO8Y.jpg,0
8zmaggLCmps7jylM.jpg,1
90hzHM6PQtip56GZ.jpg,1
90vvJHnXFBROnRBn.jpg,0
92GEdua6ZsK6RkIl.jpg,1
92h4VU2Yl5vrOyk7.jpg,0
92lVW916JHYcBZzX.jpg,0
930brMyDcvvGqhj4.jpg,0
94Ce0ndPqpJDEe9H.jpg,1
94FxN53BIrPCNoc3.jpg,1
94aVvUEyXdP6WrCO.jpg,0
94lFAmLJd2fe0j2l.jpg,0
96mVxuXvcRVmzXgQ.jpg,0
971MWd1sOL3C7SxC.jpg,0
97HO88Urg16hUmtV.jpg,0
97rf8RpbixAdKh1q.jpg,1
98wFxoiiGQyE7U85.jpg,0
98yrTqUymG08oJGC.jpg,0
99ey4QuECxrPBP3g.jpg,0
9APE0npXPbo6x5OV.jpg,0
9AYXiIci2GksmiMR.jpg,0
9BIcnYNYRmp4LQS9.jpg,0
9BSHLf4s4NhKnrjD.jpg,0
9Bhu2tLkJSLP0WgY.jpg,1
9C1wXQPVgNsIR17t.jpg,1
9CARmagDfTM3Pw7x.jpg,1
9CVg0iFjoEWggcEJ.jpg,0
9CqhpcWks5qtDjkY.jpg,0
9DSBgV3QfgMTMQNa.jpg,1
9DXkSWetk0LHzKGb.jpg,1
9Dt9jIo2IpkP4KdN.jpg,0
9EOnnDQJdRROCy1R.jpg,0
9EVbppAbrbBJPTpb.jpg,0
9Edz9Sls3PH1M92o.jpg,0
9FSl3z6GBTW3HNfm.jpg,1
9FWIkDWudrWEzc8r.jpg,0
9GUGmGYFmRVqS2EG.jpg,1
9GXJrnr8SmXXUrTw.jpg,0
9GZUV7FnvhyANFnD.jpg,0
9GgJqKKI21MmJcGk.jpg,0
9H4sHKGHZOR1xAIH.jpg,0
9Hp05b68Q81MVMRj.jpg,0
9IQeIGUIJjspMXr5.jpg,0
9JKQ9KmlUv3pr22W.jpg,0
9JLoKjXqsynDGylM.jpg,0
9KGBC3eOENZMzBKo.jpg,0
9LoYXdyloqEDFjwJ.jpg,0
9LrPxvLZIaU2uYax.jpg,1
9OCxC78klmSzPL2I.jpg,0
9PJClrZlKQZ5FPak.jpg,0
9PSUiRAV4T9IPQVS.jpg,0
9PyFhoRE4Fso5inc.jpg,0
9QgkvF64SLpMfVkv.jpg,0
9Quvxd2cOtMDPFBg.jpg,0
9RXOS5qNniMv4tUY.jpg,0
9SRkdkYR1UbRbrPP.jpg,1
9SRtYv6HJ829u0dA.jpg,0
9TveU5UtOtDRANAI.jpg,0
9UyzJsnpvd2T0TX4.jpg,1
9V6PevxNtPGs8R33.jpg,0
9V9U4YQ45eF4Ho5e.jpg,0
9VBVs9FUbVE2R2Au.jpg,0
9VttlcwHwVsrpSdI.jpg,1
9W4jHyg2maFHud8R.jpg,0
9Z5VujBGUijUFKGC.jpg,1
9ZGwrP2bHAQ43Mdl.jpg,0
9ZYMlzpCTvlQxQKm.jpg,1
9ZdeVfA07ZNkrfRt.jpg,0
9aBdjVJPJX5zqReR.jpg,0
9bF2gFuTqLeNAX9R.jpg,0
9bhD8Et6jAIUrvwF.jpg,1
9c0rU2J0RdYRVHVm.jpg,0
9cgIQUjPlnK3nEEh.jpg,0
9dmfjHRLi2v3LuXS.jpg,0
9eyyFrWkF3qOT0G7.jpg,0
9f7RVOGNr00whLoC.jpg,0
9hv293Y1OjHTjxAr.jpg,0
9iEHPedOrB6NSirQ.jpg,1
9iGudRWBTeEgvkRK.jpg,0
9ihoY9Ct6m6JaeRs.jpg,0
9khp9iOfWI5HdwFo.jpg,0
9knJwZL1ZWIWY7el.jpg,0
9lCskIWIZbsBqjHj.jpg,0
9lo7uC6BRyQH4vOd.jpg,1
9m2oFMKQtH1F3JD9.jpg,1
9nEHfciHUu2AKY0U.jpg,0
9nLbvX2XwqrX0upA.jpg,1
9ohJKT1M90MSbOw6.jpg,1
9qQNaHFcLggkKG4D.jpg,1
9rC42DKLF2lNNIUR.jpg,0
9s0pWvrgsnq9Rgoq.jpg,0
9s235O8FFQgvVSTa.jpg,0
9sS63XOZxYBpm6wt.jpg,0
9stFc8pztHbtJcwV.jpg,0
9th6rqsPzIbITvIx.jpg,0
9ueq9rbF6J85Pwol.jpg,0
9upMX0FpZEkQrPZd.jpg,0
9ve3Ds1gV7IriX2y.jpg,0
9w4itvXCKoZhxJTC.jpg,1
9wwBbf4kzlq2t8rt.jpg,0
9wy1Fn4wgShOp17u.jpg,1
9ygZ8XdDBPRE0RSu.jpg,1
9zHI53mVmlPcmjSi.jpg,0
9zJWzzg8AtnoSLer.jpg,0
A0svK8bSXg3ZrKuv.jpg,0
A22BVxaVOaFLJFPy.jpg,0
A24Yojwg6jajfreS.jpg,0
A2J9CZ9aJ3qQP0xW.jpg,1
A2nIrAPVLTtJH4PZ.jpg,0
A35653WKOr22j9P3.jpg,0
A4ZWLY7g8ffxFCNS.jpg,0
A4sjUNnNm3h9qJek.jpg,1
A5NFWU4O6XoPbYOu.jpg,0
A5qqrFu6Mo9IOgwB.jpg,1
A6IJZ0RYyJYJyT8J.jpg,1
A6Z0ae1PtFkzTY2n.jpg,0
A6dsfMxFGRHSONg4.jpg,0
A8TwX3LcSd847qeW.jpg,0
A9EZAmJo8Wx7ONbx.jpg,0
AC3Pr5ywGFJB5P4n.jpg,0
ACDcptSUpY1XHRxA.jpg,0
ADGOAiP98XdtFCK7.jpg,0
ADLxmhZf5qRla0X7.jpg,0
ADUth433QKVmG6Vw.jpg,1
ADpZWSKURtnE5b5H.jpg,0
AEQZ6UzlNpTVMcYb.jpg,0
AFaFPikeIgKRQw5k.jpg,0
AGrGTlVw9ihu1yg1.jpg,0
AHG4XZZG6J0rD3Ce.jpg,0
AHJ2IstSgEUWaMH3.jpg,0
AHNMg4RfV1JclYRK.jpg,0
AHpchjV6opkAJHNS.jpg,0
AIfBNjcALLHckrLA.jpg,0
AJEuiA27pp2VPHkd.jpg,1
AJUwetszKAIW3TbZ.jpg,0
AJWfErRMHkFFayrf.jpg,0
AKny4ESXQssnSyVK.jpg,0
AKrVL9CAzOXp589m.jpg,0
ALjQlqiSBwDHVDiI.jpg,0
ALnK5i7AxeLUAmyl.jpg,1
AMPVqmO1hVmKbfnB.jpg,0
AMpZSrrb8lXEvz1l.jpg,0
ANW3DQjktgthLx97.jpg,0
ANuKxoHgRV6eSYfr.jpg,0
AP4vN4wvwmGucl6u.jpg,0
APCXeZL6VfHsp9jd.jpg,1
APFJZ2bUixRoYdnj.jpg,0
APki9PX6ilcO8JGd.jpg,1
AS4XFlBNLcaXvv0t.jpg,0
ASBt3ISydlv4VDnT.jpg,0
AU7C9Z7gi6tnZmFQ.jpg,0
AUIdBcdxapEZ2RmM.jpg,0
AVKyH0dqbOaKxa3c.jpg,0
AVPpXqP4LhYExUMj.jpg,0
AWE9Sc7CArAycyFD.jpg,1
AX6ONc5uQ7rQXwP2.jpg,0
AXcWtm2r3dNu470G.jpg,0
AXpjIn5Q1KA9Vryp.jpg,0
AZ7pBanIOHrIfRXU.jpg,0
AZCmJAGdsfjn3dKX.jpg,0
AZyA9jrKWqxHyYdL.jpg,0
AaEb2y31uTLYa98J.jpg,0
Aay8oPSa0Ib88gZt.jpg,0
AbJr7GStRuwE6m80.jpg,0
AbYMBp08zD8MoyWH.jpg,0
AbfCEJTOrLtWRqcj.jpg,1
AcF3gDjct3XBORQ6.jpg,0
AcrvsIaqcGy3hXWX.jpg,0
Ad6cooVICByCFcTd.jpg,0
AdCouyQgzitAs86O.jpg,0
AebCpAcpSwFQkM9N.jpg,0
Af9HWAl37oCGtsa2.jpg,0
AfCkYDYtMx82kZTC.jpg,0
AfyaDCnVArZPaN5N.jpg,0
Ag3m5W0u1zB5wLOU.jpg,0
AgTaAGKc0wsH54uc.jpg,0
AjBdHycdm7QZW3Al.jpg,0
AjN0bxocrh4UFsgM.jpg,1
AjUBza65awPKcrUM.jpg,1
AkrOSuQzObYumVTi.jpg,0
AlnzjvmgMrypbVkf.jpg,1
Am8OkWh0oYjgaV8T.jpg,0
AmXigUcfWW9pTW9X.jpg,1
AmfL1OTEPG13Ce8C.jpg,0
AmsyTdC6WyCWnHkM.jpg,0
AmtQpiQ4RS3Mm8cG.jpg,0
Apbvyl17QQF0mlKD.jpg,1
AtELRvRdT31A9Ywn.jpg,1
AvQw8CWbgrlm7YFI.jpg,1
AvYRtyeReQwW9Om2.jpg,1
AxKONRCt6259ci2X.jpg,0
AxYc36niN9WyIHCC.jpg,0
AxshkGTFcttYr3Zv.jpg,1
AzBWBgYVotqyGGGu.jpg,0
AzdPCFtm6Q7vviVP.jpg,0
Azwp0XE2apdVUXPp.jpg,1
B0VhcDNw5uZNm7we.jpg,0
B1KzCdrNNfs5BbT7.jpg,0
B1aLsUlYRLchgxMg.jpg,1
B1n0PdkR0pqkfdh9.jpg,0
B30OI0IHpXQBb7ou.jpg,1
B39XoemYkfyp7aRm.jpg,1
B5USSFZjDdgDfcjc.jpg,0
B7LG43uVQxQOukQx.jpg,0
B92AaYzhtbXNcYz3.jpg,1
B9O5rV0KQi7IvB1x.jpg,0
B9VW2SuogPH6Aynl.jpg,0
BAEOhbCFakU5PZti.jpg,0
BBmUD9iszZaZe6ZU.jpg,1
BBwfFUGOMfQTSk0T.jpg,0
BBzLcFCV8YB1zEsa.jpg,1
BCcxN6qiGctDwEaw.jpg,0
BDujOU0cqrW0HO9X.jpg,0
BE71fBX93m6ipLgz.jpg,0
BEBEiauj4YYVPlXD.jpg,0
BEHGHn7cZLt9wAWI.jpg,0
BEkcTC4O2fbtss35.jpg,0
BFFnasIlVj6OC7j6.jpg,0
BFJerEbv9HhJu0Vs.jpg,0
BGmK0SbHh2TR4NFj.jpg,1
BGsKhJW3oazmX3GE.jpg,0
BHOeCbKZoKER4z72.jpg,0
BHjRN7vjJBdR8HYj.jpg,0
BIVcONsxaMqea974.jpg,0
BJc5ZtwQukbhQIhk.jpg,0
BKKlKEURTui9DUfc.jpg,0
BKOTa35HG6M4s5Wk.jpg,0
BLzAvW6stdJUA5Po.jpg,0
BNEUcYXtQOnCZwYb.jpg,0
BNu7VTkFxBPQHld1.jpg,0
BNzRgYAGx8Rz0sQM.jpg,1
BO5JR40XKAM8HcT1.jpg,1
BOYRAyPx3TP6ejBP.jpg,1
BOofYZtMZC3w58ea.jpg,0
BQI6wjn8u8G0JTdu.jpg,1
BQYtt84W8i9Rud0n.jpg,1
BQsJypYYrYKaDNTY.jpg,0
BRRvUW2HRUTUQC60.jpg,0
BTDkGvQr8FJzpa5q.jpg,0
BTMCjVdjI9rn1J82.jpg,1
BTRUdAcMJhgl5Yaf.jpg,1
BUaoS4S0OpJ1dJBp.jpg,1
BVMNJw7qfSzHa1bk.jpg,1
BWOXdPIDwdxLRLYD.jpg,0
BWRH52dTA0DsCeYR.jpg,0
BWUAOTi1B0L9O36P.jpg,0
BXKgMnjUauZ7C52j.jpg,0
BXbApa1AKkAkOKr8.jpg,0
BZ91nNP1hmx9QBSC.jpg,0
Bay0nntk6FT9opIY.jpg,0
Bb9T3G0JUJhrFkHo.jpg,1
BcwE2JGIaQHaSkTd.jpg,0
BcxE5zLG1Gh8t2GA.jpg,0
BdQNMP53rZmLLqnn.jpg,0
BdW2ADGLAl5iiPR1.jpg,0
BePw1BUCGqqZPleT.jpg,1
BeWNTnuCGCmxBUU0.jpg,1
Bf49FsaDkrUZpkjQ.jpg,1
BfKhGi2uthJD6SAp.jpg,0
BfOsXhvfnXmFHt7s.jpg,0
BfSoXpXjz4nKD3hw.jpg,0
Bfmv7x8DmzkY9MHI.jpg,0
Bfome3UPSkMDpuMj.jpg,0
BgXXh3PugLCHwUx0.jpg,1
BhHDnYY02NVJ0nA9.jpg,1
BkEI1BFOHTC2L9Ah.jpg,0
BkI2Zjj8XqxuxkvI.jpg,0
BmrGaamrL6uh2nsB.jpg,0
Bn9T6CwV0jmKjDg2.jpg,1
BnbUAD6oQGzvAItI.jpg,0
BnekscbNxcpInhtx.jpg,0
Bp20ZQmQ3nFU5Y7m.jpg,0
Bp2w8GSney6FFPsd.jpg,0
Bp3QDNkchHLnVI7R.jpg,0
BqAsAJlfx2037T7z.jpg,1
BqzGpGw4bPyuPE5S.jpg,0
BsAX8gBYIbSNqnpg.jpg,0
BsXrsSMCrck5fKqT.jpg,1
BtYxIylNGPlqqjGv.jpg,0
BtwlZP2Jk2V1Oosr.jpg,0
Bup1zjZroaOQThYh.jpg,1
ButU8KCaQfeLiHON.jpg,0
BvkyVCL957C2PqKl.jpg,0
BwcOKR6gwtOgq9Go.jpg,0
BwuNqESHgFQIZB41.jpg,0
BxLgOeOolxpHvJcr.jpg,0
Byl5Vk3D3N4g4Ait.jpg,0
BzNL5gRJ9GoIkSlR.jpg,0
C0WnOnlXbaIg21zn.jpg,0
C2pQ4XvJL6A1eglk.jpg,0
C3AwNSJQag7fTnqp.jpg,0
C3XilnWTo4m3HrJc.jpg,0
C3jWdIPFsTYohpfl.jpg,0
C56u2MSRndEgVBYW.jpg,0
C632jTwoyyrxowZC.jpg,0
C6nR0ruF3ANwMp8h.jpg,0
C7c7hIvOQY1Ppmvt.jpg,0
C7rpKZpV2gP1yjYH.jpg,1
C9sULV7jUUDFQQ8J.jpg,0
CA0XWNG3oppqLaKg.jpg,0
CAYz5jTjmoyMKyi2.jpg,0
CBlmWrDo79fibgJl.jpg,0
CBu0TyTxgIj2lvG8.jpg,0
CCKSKDZDqxK8Ut9X.jpg,1
CCKjPOUBcACfZFm9.jpg,1
CCRwBiO9OCzfjuRW.jpg,0
CCqQLg0qTXvG42Eb.jpg,1
CDwOLYKQoTahpmjn.jpg,0
CETWnvyQCTBVhA4O.jpg,1
CFUBKMTJm3r7X3Uw.jpg,1
CFa2YWlxWb3Y5UXP.jpg,0
CFi1IKEB17p6GRt5.jpg,0
CGLtctQWoY4KVPti.jpg,1
CGMrOFYIvGLnc9XZ.jpg,1
CGV8dqnqDhvEdpur.jpg,0
CHa2aSvrl42YxeKZ.jpg,0
CI5b4rlQdzIcOMOM.jpg,0
CIM9CB5KSQjb4XgM.jpg,0
CKyroXQLkuOlMs6I.jpg,1
CM0TIyBm7KiLiygU.jpg,1
CMQ7GSVlS3u9IQW1.jpg,1
CN16e9U6Kd1hyt0N.jpg,0
CN6gEoXjDNOJX9bh.jpg,0
CNDxV1cHEulo7BiW.jpg,0
CNHBKNpppDoKGmb4.jpg,1
CNUDBoee723xc4e5.jpg,0
CPbeMnC72S4E0GDV.jpg,0
CPwPHAKWqSHhTChx.jpg,0
CQfTiolUbr3Y1y43.jpg,0
CRZW9e3c3HznmF2Z.jpg,1
CSUK0W9EiHNHzTAl.jpg,0
CTLhTadNvSzNj17p.jpg,1
CU5QMdVeIeoy2cDA.jpg,0
CUk26DN8CEk7zn22.jpg,0
CVuhFJodVC92NGuP.jpg,0
CWQe1WhxUVGchJnA.jpg,0
CWrerT2qL203FcDd.jpg,0
CZKB4Ps1NpiiXMtu.jpg,1
CZdvQUVYrd2vVPBe.jpg,0
CbZTPgKx6uLzeXoO.jpg,0
Cc86WXfHbh2Nihmq.jpg,0
CcHPcBCZCKS7J4LR.jpg,0
CdFrGpbcD9HmgaJj.jpg,0
Cdecj3bmtzaO687r.jpg,1
CdmnqONIH3tShH2A.jpg,0
CfeeBCjwPOgY3gRr.jpg,0
CftLoWZuJWlU5tWq.jpg,1
Cgpq6USvA4GVCMRo.jpg,0
Che0Q4ZpdpqAUZNO.jpg,0
CiatBz8gUH6XbOUY.jpg,1
CioR6uNQnr2GqU13.jpg,0
CisMiEga2B7jp1Tm.jpg,0
CiukY22QR0cL8S6M.jpg,0
CkLoWnkxRRbZFHEe.jpg,0
CkVTCsULkEnycqXx.jpg,0
ClMzOwzY3sIVCW2u.jpg,1
ClqvfUfxU9rdBVBn.jpg,0
CmfdpGvYuGuHQDXC.jpg,0
CnZu6CLOKqKvknR3.jpg,1
CpTQi5re3Xfg3X6n.jpg,0
CrVRQT5HMaZCNBUs.jpg,0
CrZaSDF793VJvuI0.jpg,1
CryCaRnis9cSQki3.jpg,1
CsnrQLwD23ZHQmnu.jpg,0
Ct5HEbgkqpLQCaYE.jpg,0
CtpKjlbKIWmcjydk.jpg,1
CtvZxqLG9KPpaEsZ.jpg,0
Cu9n13d3Y8MwkcsQ.jpg,1
CuWUa0myi5ySVeRg.jpg,1
CulNPADd3ONXliqQ.jpg,1
Cv7r0PCi3PiK4Ccq.jpg,0
CvHIVrCQ7vM4OLWc.jpg,0
CwQAVua8jX4fRh7s.jpg,0
CwbeAXxNp93S7C3W.jpg,0
Cwo5RUZXfzkYCufc.jpg,0
CxQfEpqRPAUFmQd2.jpg,0
CxSOS9OWdtRmmlfm.jpg,0
CyVsqUGGpAmXKgzY.jpg,1
CymT73tbBZAVecZz.jpg,0
CzUMsOHzejfxRXTr.jpg,0
D1bCJm22dC2p1vcK.jpg,0
D2yF3kChUDKH9XhE.jpg,0
D30sk2n2aGZ263lt.jpg,0
D3UgJVrbApN9DKFJ.jpg,1
D3zRYb8gjnbXTNjM.jpg,0
D4ps3yWWs5MuJKHN.jpg,0
D5IE01l4ZKB79hV6.jpg,0
D5hfHeuS2lLR91Ja.jpg,1
D5knQchGzHLepKJx.jpg,0
D761GX3NkfDSCpDM.jpg,0
D7GupmQy3klQLGPq.jpg,1
D8ghsUnVfi5OjKzO.jpg,0
DAF3ihxVeifbDpvj.jpg,1
DBtJJt0aZUyZOrvN.jpg,0
DD6uQNBP9MO98j1M.jpg,0
DDGcYY8VJgRLnaUz.jpg,0
DDrusFoO5qlkZxro.jpg,1
DF7M3QJlCi9oRJS9.jpg,1
DFGgxFhhMVcGpvKm.jpg,0
DFHwIHkkhgCP7DaM.jpg,1
DFhEtoL8pxb6PHQ1.jpg,1
DGCPJsqEo2czk5su.jpg,1
DGxSAj1iB9luWnel.jpg,0
DH9v6ppJqCJ8zLaD.jpg,0
DIHvdq9kQo7Xjltp.jpg,1
DKHGJ2jMSACnAAAJ.jpg,0
DKXC1wg2hJMUK8P2.jpg,0
DLZPniDSWPOEeHBS.jpg,0
DLZT6LkMVQGE3NiM.jpg,0
DLek9JDsjbGiR6q1.jpg,1
DLiIDSwhJtaB62kK.jpg,0
DMiWENXrkhXNGlvP.jpg,0
DNSUDtPH2h5dOc0m.jpg,0
DObNolMWHluCu7PE.jpg,1
DOeclaRBqn4yCF7J.jpg,1
DP2XHag895D2wPtM.jpg,1
DP97T9ekzTfFHSkV.jpg,1
DPrO9dTD3fgQqhhj.jpg,0
DQ525DUc1EEoeCYQ.jpg,1
DTVHH5pXxf4G0i26.jpg,0
DVfwGnFGt3isJCuz.jpg,1
DXJFeSnsJeLivGre.jpg,1
DXa2bp7rnpnemyP2.jpg,1
DXknmHEex1uZK99Y.jpg,1
DYbvjNfRHEveztSo.jpg,1
DZEGg83l5885zHEo.jpg,0
DZRBgVi4xe6nFoQy.jpg,0
DaAL63CQsoatGja1.jpg,1
DbqEafwfRjDTwbiR.jpg,0
DdJJJaLXUQ8wmRWX.jpg,0
DdShOS0EIcfpOJIz.jpg,0
Ddjs4S6kmxhK9uAi.jpg,0
DdupqNIG3RhzbJqu.jpg,0
Ddv9qWEEyof7TDdO.jpg,0
DhHOQbRrlfbUGcrq.jpg,1
DhMvKnlu06KMgvEE.jpg,0
DhTWgSfPBvbeMHYD.jpg,0
Dhg7Uk4kwS5KLECN.jpg,1
DicNiZs3Mi6XM66v.jpg,0
Djj0cxjWsQpu4mrR.jpg,0
Djmgk1kWEm0KpTyF.jpg,0
DkOZkDpwGrafiwzp.jpg,1
DlC6uWqYoTyyHMct.jpg,1
DlIuFHXR6FPNNcDQ.jpg,0
DlUBiNHdcLUesrbL.jpg,0
Dm8ZLdLfoXX9vef3.jpg,1
DmolMRQ3cgGjfccQ.jpg,0
Dn3P1f4qecyXvmia.jpg,0
DnE1gPdUZ518V7VI.jpg,0
Do8LIdsJUwpNbbbK.jpg,1
DovH8vMXMXdOPCiE.jpg,0
DqHL1lcsG4aBLN87.jpg,0
Dr5iKxvP6sAO3Iym.jpg,0
DrbkX8Y8mXzekElK.jpg,0
DrzI9WClsCRHXhKn.jpg,1
DseDVDyaNHeNOazU.jpg,1
DuBKNpyEpwvULVe4.jpg,0
Dw9i5pMmPDES37Hg.jpg,1
DxDOrskoZJfvEGLI.jpg,0
DxTTxafB90FKzgvh.jpg,0
DxrlKug1JXuaqXMf.jpg,0
Dxu1uD5o7jsjfbOg.jpg,0
Dxy0b6mPonphCc35.jpg,1
DzQeAmzhAYtFgyj5.jpg,1
Dzv0CI9QEzxtxZCu.jpg,0
E07frA4DxCkG2t1W.jpg,1
E0bimre67PTcA7Vd.jpg,0
E2LWU82raDu2GIjC.jpg,1
E2SFi5OGFJmXzP41.jpg,0
E2pHraIbiQtuuLnZ.jpg,1
E3SoqXvJ1vyhrdK7.jpg,0
E4T6ADINBLo1kNK6.jpg,0
E4rvwE9nFUvmatHX.jpg,0
E52aeGNby1s2Z9oP.jpg,1
E5WZpLHWOtDNTg2Y.jpg,0
E6CtE4byXihyHfUE.jpg,1
E7ByVlO2gxcgYo24.jpg,0
E7KSk4PJ7yeFeDAQ.jpg,0
E7SjDpEoiGh3rIvL.jpg,0
E8DzruLMjYxMsdmq.jpg,0
E8JwqB6RYVrxIhhs.jpg,0
E8hKy12wIEpoLL3J.jpg,1
E977vD7fk9MyE4Nw.jpg,0
E9sUo4oLWAm0jhsq.jpg,0
EALagNAc5tbTfCld.jpg,1
EAg9xteHE1wRecRo.jpg,1
EAyCtusEQmugvxlw.jpg,0
ECTrIO6zFgejUsPO.jpg,0
ECjlyQHWFZlobn09.jpg,0
ED761mBwZZHJfRth.jpg,0
EFgiaeKhua1cPapV.jpg,0
EHlflZMHbQUBzIGz.jpg,1
EIM6TA2NJRTcyTKu.jpg,0
EIUEd8hPktTzIPqH.jpg,0
EIospWpPsGZrmQ9S.jpg,0
EIs8A2Lq7PzT7W9D.jpg,1
EJEZFldOtylZxZos.jpg,0
EK3GaHIIZNjxTmnI.jpg,0
EKvm2w088pKVMe37.jpg,0
ELDcqEqylcXt2VaN.jpg,0
ELXMSWirliNB1KuQ.jpg,0
ELkKNGF6CSkBuLcM.jpg,0
ELlNb4ZCJJJtQrcZ.jpg,0
ENILYxaxHxdhsxUz.jpg,0
EOfLSYt2MurpnDwI.jpg,0
EOjaOUxCEkHP6y8a.jpg,1
EPQbqrY8mEbx1Byv.jpg,0
EPY69G76qM3it886.jpg,0
EPlbaq0H3yp5qmB5.jpg,1
ERBGKPg2SnFGw97h.jpg,0
ESCPf5xJGff7iwTS.jpg,0
EU0FJbKRx3bIelf4.jpg,0
EU4AiRRoPwX9tiHf.jpg,0
EUTShrzuXL4IOxlU.jpg,0
EWUKHsOtYhUQMPQV.jpg,1
EWctuPTn7YRkGztL.jpg,0
EX3KksJWoSlvOKXZ.jpg,0
EX757MjocjDUT6yW.jpg,0
EXGsEgxs1wBr6lQ9.jpg,1
EXsjpqVfPXxcOmQq.jpg,0
EXwbbFv8zF15zv0c.jpg,1
EYCJmSyxrkbkRqHS.jpg,0
EZAlmUQunZj7lvg4.jpg,0
EaTN0WDmNu6u9MaG.jpg,1
Eb094DaGnsAyIm1m.jpg,0
Eb169ZD4CoLPvN8V.jpg,0
EbZ8EN6H4U20TGpH.jpg,1
Eba6X40zqNqnCSyy.jpg,1
EcwpYm7srAw8lzuI.jpg,0
EdJVC4tO5IrWrkcZ.jpg,1
EeZeE5cJXIGq7QS9.jpg,0
EeyKg7zD5dzobZMt.jpg,1
Ef7OgVBqtdBpE8zj.jpg,0
EfOMGDa7wDZuiBCE.jpg,1
Eg5ynZPx7HRtlvIB.jpg,0
EgXqegg1F7ftmAfL.jpg,0
Eh8TzIj88aILZlhX.jpg,1
EhKkcrv02kSMhB18.jpg,0
EhaMNKgWdLH8K7zo.jpg,1
EiqllaCldzW3cWaG.jpg,0
EjX8Qkh4uAIH5Nbl.jpg,1
ElC50HVeMkHjY8aB.jpg,0
ElXPpDwbUFRSxU1Z.jpg,1
ElmtQ2EL4B4bd43X.jpg,1
Em8zY16yMrCRVIqf.jpg,1
Emt9MBPd4vPQkmuH.jpg,0
Emw53s4e76z9MvKz.jpg,0
EmzOkbnpPrGtpKl5.jpg,0
EnnQ2DyH1rYgYCbw.jpg,0
Epuemlfjt3VQB33M.jpg,0
EqT5Ynm1JZRDqo9L.jpg,0
Eqs44bMeXx4Id9S6.jpg,0
ErZ8xVLDbIaRJavT.jpg,0
EsPpcle72iG8SUJJ.jpg,1
Et319vLw7BzeanVv.jpg,1
EuXfaEDmu9T7US8E.jpg,0
EvjJP5J4xFKMKgeO.jpg,1
Ey5ElyfCf149sqyx.jpg,0
EyGw5kQXkiakR3Xn.jpg,0
EzWIdAJshvlCvND1.jpg,0
EzoewUw5Wtq3AELW.jpg,1
F02YKtLh8qgt7euU.jpg,0
F2AQaaWmhCGpqrk3.jpg,0
F3WLI9wuQAFVtPjQ.jpg,0
F4fkDpXFCQdW39T2.jpg,0
F5GlgtZtuRXHiU3G.jpg,1
F5WnMUp7vGrPO6mu.jpg,0
F5vnnMdpQ5Ffot0l.jpg,1
F6TwIUZsr0Z4Qujx.jpg,0
F81j49vXSp6Rlzl3.jpg,0
F8KhRdcorFgdb1z7.jpg,1
F8TVX5C0Y4QLC540.jpg,0
F8wy03q0erwVjg7l.jpg,0
F9QwDdbO1i7kuf5p.jpg,1
FA6Sxhh354CYd9bT.jpg,0
FAoSXj8qTtzBHl0G.jpg,0
FBO1YVsMhj9jrpfz.jpg,0
FBr4xBNowq1T1gXT.jpg,0
FC2q44M7c9jdO8PK.jpg,0
FC3R3c7AfwKLZUnj.jpg,0
FCX01H2poq8fnCpc.jpg,0
FCyKkmjmfimoAEav.jpg,1
FDrtItIBYdluoRO0.jpg,0
FEKpVe3Qw9oJLVd4.jpg,0
FEVfnBhdZRkifLVE.jpg,1
FEx99tdRsiUfpypC.jpg,1
FF0KWx7Z2XrWZjTx.jpg,0
FFQwGwF3ZkSwVnwy.jpg,0
FFqVFfkjWRYK7eNB.jpg,0
FFyGMtuMCSLc2JaC.jpg,0
FG4FUjc0MuWdcRu1.jpg,1
FGJ2Z2p0cTxYk2i9.jpg,0
FGpwQJhklkCOA7tF.jpg,0
FHIqllmpLGT3IInH.jpg,0
FHMGRDgQSogpkB9E.jpg,0
FHNMAIITGvUuL3iW.jpg,0
FHlD2mMdbykkHaV2.jpg,0
FHtpaby2VbjfHdKu.jpg,0
FJ3wisAIDV5Jz9Xz.jpg,1
FLqS9yp5MoTyfcJ5.jpg,0
FM51yAFRdLyVc00G.jpg,1
FN5CdUdUPTqnbeFa.jpg,0
FOHrQJDGzqIJBc31.jpg,0
FPMhj74fgn0GdeDv.jpg,1
FPnk1sPx77OZhB7h.jpg,0
FQgffPXgDkiMB3ns.jpg,0
FRE3hxKcfYWgnRVT.jpg,0
FSJAh6GbURn1GBfi.jpg,0
FSy2ydX6rnwQbaR4.jpg,0
FTPM3G3vTEQQ55d5.jpg,0
FTPajUAdKjF2jieM.jpg,0
FU0yVh0cmCqI7aHK.jpg,1
FVRQMrFSVq6lkTmA.jpg,0
FVmufviuxiNBZt5a.jpg,0
FXFGbYUalDk0WcQo.jpg,0
FXmWxLRdE9R8ISaY.jpg,0
FYDcB9kflfa6SN6a.jpg,1
FYl0zrhRDaiR7dRS.jpg,0
FaYIW9Cw9jeSrqSs.jpg,1
FbvjhoMIhTEu4yxk.jpg,0
FbwOvrJXDyiMybTC.jpg,0
FcIx07Z9BIn6Mho2.jpg,1
Fd0UtVF5EasbrEgC.jpg,0
Ff63YyCuNLaH4Zjj.jpg,1
FfSDjntVHheU5FjU.jpg,0
Ffj3LZspNPoeSDgo.jpg,1
FhCe0rJiyXxclVWN.jpg,0
Fi0PtGUqCx3bedNc.jpg,0
FicFvz95ll75hTVP.jpg,0
FkXeLO13wQraVOGx.jpg,0
Flc4CGPkuPeY39Qm.jpg,0
FlfCZvq42Kofn4fE.jpg,0
FmKgy0sfgtIgLG0U.jpg,0
FmW7pSBwRsdP4drA.jpg,1
FmjSRBdSUBqBOiBU.jpg,0
FmvHYeYg4cCxUnUn.jpg,0
Fno2Mt11vkqTNopw.jpg,1
Fp8mTPGb5qYPntMa.jpg,0
FpHZbl74EbXyvVqn.jpg,0
FplFBzZvfK15uxGY.jpg,0
FrVMayzq6nLdlvpf.jpg,0
Frb94s9WltSZ0NgX.jpg,0
FrqadoW9frSB0yu4.jpg,1
Fw85jmyfzZSlRs8j.jpg,1
FxZeHrLUkrOI5CM0.jpg,0
FylTmfYCzQY0Wart.jpg,0
Fz4Cf47Lq8zzJtE5.jpg,0
Fzdoi9a8tN27gB0d.jpg,0
G14dJlPdFaGifxbY.jpg,1
G1HNKjDmbzOdISim.jpg,1
G1NfTRsDB91tGiLj.jpg,0
G1XS9wwly5rxnXuA.jpg,1
G3VILFOhYpXek6nt.jpg,0
G4wfu7rqWS2tWQyG.jpg,0
G4z5H2zdyHm9Ai2M.jpg,0
G5D6HMnDUsKKn3vs.jpg,1
G5SBUcXnlW19JKl7.jpg,0
G5X3SkQY9EVac7hu.jpg,0
G60GOX6UR755IhxY.jpg,0
G6eZDPnGl7w1e1Gu.jpg,0
G78I2deWpTsb7n0y.jpg,1
G86TURAqPjXzSL2H.jpg,0
G93uzEldhWYJdeuz.jpg,0
GAzHSghXhCFy0hLd.jpg,1
GCHQ8n5FVghQv5Zk.jpg,1
GCfuqOaqRzU2SDQM.jpg,0
GERyZPTPJvabqJaQ.jpg,0
GETXzaqj7D2HwJ7K.jpg,0
GFhzpVfClc3r1IGW.jpg,1
GGLhMWcY0BoVuVeT.jpg,0
GIO6qnegxl6xuLyG.jpg,1
GJ8S7wM0znuv7rVo.jpg,1
GJIuCmQKK7otOTXa.jpg,0
GJrLU4NYlCeR5T7K.jpg,0
GJuwHXjcu3hmdiWx.jpg,0
GKCy6lOQ9WMtk344.jpg,0
GKgM7gi2I6BWXLML.jpg,0
GKgdF5IgpZy1HhNp.jpg,0
GLGKDh0OQferqpEF.jpg,0
GLxQG5UJwXCzRATA.jpg,0
GM6NF4ch8piHZNVg.jpg,0
GMO97USodZ168TWQ.jpg,0
GNMxb6070FQRDeET.jpg,0
GP4ICZGUnUk6L4Ac.jpg,0
GPNjndiXRo7haCt5.jpg,0
GQ8WP7LeUbpB2NMW.jpg,0
GQOC1VZj2mW1Ttq8.jpg,0
GS4PL3lwQHP5MZ1h.jpg,1
GSWf5ZTEGBQRjwCm.jpg,1
GSdS9frndUoV1GIQ.jpg,0
GTAMMY605RCWmoZ7.jpg,0
GUwgi3rGi26OcUfl.jpg,0
GUzF4kcQGLlakD4F.jpg,0
GVOpS9x9msjYQ4IR.jpg,0
GVRXz4HmgJbDN4E5.jpg,0
GWinPjgf8IvxLEdE.jpg,1
GXp28FbA2D8pYKFJ.jpg,1
GYks4JkY3oVeA1Vn.jpg,0
GYrLwLYZtlza2E9g.jpg,0
GZE73SJ1qG68J6ZC.jpg,0
GZgPj2WdvJH7SbpI.jpg,0
GaJCNzcsiXgsxUlk.jpg,0
GahllAEwieqm1L0Q.jpg,0
Gb1SI4OyvF62dujX.jpg,0
GbAFkA16s7zQqQQq.jpg,1
GbjTQDbsjJXMFivR.jpg,0
GcR8e5lOX8FGM8BM.jpg,0
GcUDWGhDXu1e8JBr.jpg,0
GcnDF0aaTWu7KxtP.jpg,0
Gd4nq1evBYzdQ13Q.jpg,0
GdgABmhvObsg14GV.jpg,0
GdierZd0unotILL2.jpg,0
GdtEAqUkVtFgy92P.jpg,0
GfDn3u3wgPeiDSff.jpg,0
GfY13nXWw15Sa7iw.jpg,1
GgOIKiEu5Jdr3qLW.jpg,1
Ggr3zzqVG9M8RplW.jpg,0
Ghlp5ir9guDKMBVN.jpg,0
GhxqiQzMHHOPIXra.jpg,0
GiHaOcBhFD8fy5b7.jpg,0
Gj7YV7SyD13oPTFc.jpg,0
GjTHQEzecgv5sxjM.jpg,1
GjWafPwPiOiAJmtN.jpg,1
Gmg9aCEaNWETUXPI.jpg,0
GpCYTJyLyRdJpGeI.jpg,1
Gqe2iClr8emSCQE9.jpg,1
GqhYoHF5Pa1ghVhc.jpg,0
GqrScKnatRe19PTf.jpg,0
GrrNfLbRJJ6I8JdP.jpg,0
Gs16AFeSHiiT9DOB.jpg,1
GsLym6b8I8eN06FV.jpg,0
GsojmySQ0sWEg3mD.jpg,0
GtD1jMTyihqlbu59.jpg,0
GtrgxMS0uNzG2EKo.jpg,0
Gu8KsTBlEOpgP0xk.jpg,1
GuI3rQNHtRWVpQkz.jpg,1
Gul15pFdf4yMPCSp.jpg,1
Gul7kBA7YvU1okrf.jpg,0
Gvn4vNSs4fNbvJX0.jpg,0
Gvx7wqBIDmJLdp7c.jpg,0
Gw4c66evIviRQKpS.jpg,0
GxuvePqd81R4EYNT.jpg,1
Gy41qt2glTcUZRCB.jpg,1
GyG6JS0ukkf2hLqu.jpg,1
GyoTIIsuUjpLeanM.jpg,1
GzjYPy82ILgOKZKa.jpg,0
H01RNU7B3vr2MTNV.jpg,0
H1CQ0aZtcnmOKIro.jpg,0
H28cqG4mULnuLMha.jpg,0
H2FyTHtd6xkMljHO.jpg,0
H2jy2syZcDZsvfq4.jpg,1
H2lpU20h4s4aX4ic.jpg,0
H2nckXN5YKtdGaaW.jpg,0
H3Ur4FdcpXNHFE0U.jpg,1
H3lL24EDzGN2JW8g.jpg,0
H4PC6hySCyP6qAgQ.jpg,0
H5Eal52XD7MGn9Pg.jpg,0
H6Sres0uClEEb1VG.jpg,0
H74eqk3drUlGhDDl.jpg,1
HAltifIw8QcErVvQ.jpg,0
HAzTmnrfAZNlCxQY.jpg,0
HB0EedSx1pSkzjin.jpg,0
HCmzCcs7EbaDSWCA.jpg,1
HCxcLBt8BHobLkdW.jpg,1
HD2UzKFQdXsuHrB9.jpg,1
HDbCsJGK3B69nQu7.jpg,1
HDh2wnwlmA4S11YJ.jpg,0
HFi3kKyoeZ9MiAXW.jpg,1
HGKVoZ8AF2bk86ET.jpg,0
HGOEq7rwzgG7Fr3P.jpg,0
HKB2rtmk6m00jS96.jpg,0
HKNpqY3EmvL8aomf.jpg,0
HKaI6WydZs4tivme.jpg,1
HKpoYVhNWNpeUTvK.jpg,0
HML3XWNtdSqbW44G.jpg,0
HNZSRpc6UiI4H8eT.jpg,0
HNcn8WHutdndqr21.jpg,1
HNk32TJEeNQcFOr4.jpg,0
HOKj0al5MWvepdg4.jpg,1
HONE5GXwjfHuoJxQ.jpg,0
HOPih3IMWSLFacPE.jpg,0
HP7F3lpeXbO2jkQy.jpg,0
HPxkcORiXTGzecLY.jpg,0
HQ2v0cznBWvB0p9s.jpg,0
HRoCRXGj7pVxAEcP.jpg,1
HS9GHIn5bCzRPkRI.jpg,0
HTW3HEBswEC2jrqQ.jpg,0
HTo4fWd6NulrOIUp.jpg,1
HTyDF8FJQHVsI1hd.jpg,0
HUij9XPs6DsH5OsW.jpg,1
HW5S8LN0HMCYzXOi.jpg,1
HWZVuczGbOt1UrBg.jpg,1
HWahPMiyrWsKYt0w.jpg,0
HXcBo7UgsWn6qmjd.jpg,0
HXtwWrW2NjV5dkWX.jpg,1
Hb5H44hVsbAhKf3W.jpg,0
HcKvOqhKjCRnh83q.jpg,0
HcglFfYP7swqgAff.jpg,0
HeZF6jaPtzuz9QZ2.jpg,0
Hez0x3Tdt8sCAnkF.jpg,1
HfsQ2biVqPdlT5dR.jpg,0
HiIok9HKdchAikzK.jpg,0
HigWdj65TnvBxD10.jpg,0
Hj7dr1aVJ4YS2FiA.jpg,1
HjwwgZnllvAk4O1M.jpg,0
Hk1MAWu2XhSMDN58.jpg,1
Hkc0snRcVcODuZpy.jpg,0
Hl50epncgXPfJRY7.jpg,0
Hl79fg27PlkKjwXa.jpg,0
HlHdEflGlCD1RfWG.jpg,1
HlgGvtIm23ueAMgZ.jpg,0
HloKTG030JUPujvJ.jpg,0
Hm5fgPLH083JLU0w.jpg,0
HpbNF68MWP8Ju9av.jpg,0
HpcOms7NVFs5IMGQ.jpg,0
HrCZWwNmDBztSzDr.jpg,0
HsbCo4MUkebk1tGb.jpg,1
Hum8ccy6rBvhHAhs.jpg,0
Hv6drxvR2dtw6pQE.jpg,1
HvvV5hWMXlxK2Ci7.jpg,1
Hw9Jan3zBtBoSzuF.jpg,1
HwSeGuC3n72b07h7.jpg,1
HwlQtGwG4F9BBpYR.jpg,0
HwpOmXV4EZRBRJkE.jpg,0
HwwyieNkQrSKUpPb.jpg,0
Hx57rHGyivk3or5Y.jpg,1
HxCNdFH6engskfj0.jpg,1
Hxj9Xt1ROGMkmsOj.jpg,0
I0ihk4W3vbbexhYs.jpg,1
I2z83S4nW78t8vz3.jpg,0
I3Y3YRiM0Zt9ZIZk.jpg,0
I5M1ftz7k8S61ERd.jpg,1
I5Y5TEU6hB6vNN9M.jpg,0
I60tvT8T1FUT11KN.jpg,0
I6RMbk3kbQJ8bTgG.jpg,0
I9opnjxy92Ov6EZF.jpg,0
IA4Lim7ycvN7PDan.jpg,0
IAVdPV0a7JSNU0vj.jpg,0
IAhC2CRCJ8rRfbF8.jpg,1
IDE6pAiR2ztonF37.jpg,0
IE45AaSrhlEG2ce3.jpg,0
IE6A31fu5cf032jT.jpg,0
IEcLsJdpT6Vk3Bpj.jpg,0
IFaFrjrU4eGDPhSY.jpg,1
IFcwCOKyXu582GG8.jpg,1
IFdxVbTFBRbC4Hyo.jpg,0
IFl3ha4MJXebjIIs.jpg,0
IHzCqUBDu5tXkWoh.jpg,1
II8uEtPZ6eNb6Jw7.jpg,0
IJGf6f7Yo4RCowXQ.jpg,0
IJZtg4aYP3YMBZvX.jpg,0
IJaatJLJaSVnyC0F.jpg,0
IJoN5M7bCOzErpa0.jpg,0
IJowVd3o8WtTpQPa.jpg,0
IKJ5t4ATgL8UzYKh.jpg,0
IKhoa6Y8qxuMdIKP.jpg,0
ILdiRZ9gA3SAwGlD.jpg,0
IM8kIijLFlsXVGLm.jpg,0
IN6YQAZZjacw8CKp.jpg,1
IOFvvDvqZvDSJtn0.jpg,0
IOcndlaqGX7BEouM.jpg,0
IOnFgtwIVYNHeNdP.jpg,0
IOw5dgmGh3lWzkcf.jpg,0
IPQZyV5Mireh2jpV.jpg,1
IPmesdT3VFuZrovu.jpg,1
IPwGY0d06gF11sft.jpg,0
IQP3poACCa615pPh.jpg,0
IRGhImXKMUonY6GV.jpg,0
IRpBnuQDReKtbB78.jpg,0
ITMJs8p0Ahj3JInS.jpg,0
IXq274OFIgx2YSqw.jpg,1
IXxgtEigfZ4Gjfui.jpg,0
IY9Qp5q2cYIKlv9p.jpg,0
IYM010CpXKcN6eqZ.jpg,0
IYcwmsNrkH4b4h8X.jpg,0
IYksGuQISexDGOdI.jpg,0
Ia6JEXq3tTuPF8cq.jpg,0
IaC5eaM5y7xTSQZI.jpg,0
IadZWnF48EDX3bCB.jpg,0
IcSlkEpGCpccpUXt.jpg,0
IceqiY2sOgaQuyBX.jpg,1
IdGkVevHeRDx9xyL.jpg,0
IdHzFLqXgC0HtwZ1.jpg,0
IdPS4RUogwRJIiu9.jpg,1
Idl2L0QsHuaVVBq1.jpg,0
Iedg9S6tFy9CKMZS.jpg,1
If9GHeXDVj0xunhW.jpg,0
IiEORtxAVkjXwOlM.jpg,0
Ij1cSGjip4ouXSvC.jpg,0
IjEmaj7OeHCrHBM9.jpg,0
IjJ2VB12ndxj0Yop.jpg,0
IkFx1rPkLqQsjlkt.jpg,0
IkH3wfRtqXC1noOV.jpg,1
IlkGG8k8kRFTWsNB.jpg,0
Im0QbKqTHme1KPRx.jpg,0
ImIKW8kP3I1EkfHT.jpg,0
Imu0JWVTSqF5qpFE.jpg,0
Iqe6m8vGtZfrZyms.jpg,0
IqvyIF4KcomIMMkQ.jpg,0
Ir9Gw1aGWQLUVgRS.jpg,1
Is07HEzEO1j0AkCE.jpg,0
Is9SqdqU8mREnI8v.jpg,0
IsLrWqEGmDZhb3Td.jpg,0
IsOfai0ka48QbdrD.jpg,0
ItcZ2wBPqxkCaROR.jpg,0
IuWj915MjoGJAZMQ.jpg,1
IuwZ5hbeW9VXoj3a.jpg,0
IwdIxktp6XEn5EFO.jpg,0
IwglaG2WQp4lqSfM.jpg,0
IwqFy2M6PbLqPlJs.jpg,0
IxzDvGdXfxf2RcXj.jpg,1
IywtLFBx9eBJLGku.jpg,0
IzAQJlXNwreh8XBJ.jpg,1
IzZSWU4pBlU8lMgl.jpg,0
J0aARSmkLUbO5ilH.jpg,0
J0d34Bz8YDv8buHS.jpg,0
J0kH0TzMwcSixC10.jpg,0
J16frLVgGwd45y6k.jpg,1
J1P0pcTayHwPWSzI.jpg,0
J2SSnZMTz0OEvmjF.jpg,0
J38hWRO7QTXNEp3Z.jpg,0
J3xqyRvotWYZrhxn.jpg,0
J5UWi6Bci8JRkCpJ.jpg,0
J6HMYCteA8zCSiZ4.jpg,0
J75jT269EysGD3AP.jpg,0
J78c7Aqh2pps148k.jpg,0
J8qLbl7plLeVR6oI.jpg,0
J9LPMsXYDw90X60g.jpg,0
J9Oj6z8fNyAViJae.jpg,0
J9QucQMlVkSscr5i.jpg,1
JAA3i2Gy2Ly6Xu0a.jpg,0
JAgcbsxYNZEofE5i.jpg,0
JBNMflzbYYvC9sTB.jpg,0
JBPOelSpau4aV2NP.jpg,1
JCagr9UTKkZV1RIc.jpg,0
JCvxaBnxUvpDMH5h.jpg,0
JDJP6EiMbGfg98Ye.jpg,0
JDQ7F9qHwKb6cjsx.jpg,1
JEIbrKUtgwda5KTd.jpg,0
JEesgcPNqXOzlone.jpg,0
JFXYHlLBKpqPzSg0.jpg,1
JHRbt0BYxHPeNKfW.jpg,0
JHaasqnHqJIdSbDW.jpg,0
JIabg0RsKdikZbt2.jpg,0
JIlGOlKXqvaY9OTL.jpg,0
JKGMQxJFohKh013O.jpg,0
JL7xfiXFINjPU789.jpg,1
JM1BqWmwmbXpb01T.jpg,0
JMkUJmG8sQHB8ERy.jpg,0
JMy0mXKlkwDerVd1.jpg,0
JN8nceGbXtHvaQ72.jpg,0
JONuZ3SANWpkwXbp.jpg,0
JOaeT3r7z2lzYPej.jpg,0
JPXKqve94fVHTQ6W.jpg,0
JQJ0vR4bMKeVkMSU.jpg,0
JQJpos0tCWYaknLa.jpg,0
JRgHGc9fadJ63kAm.jpg,0
JSG5Tj6fkJVZ9pUk.jpg,0
JSMlVkjVy7tgxuiz.jpg,0
JSUn1KouK3tNFfkC.jpg,0
JSYvUH9jBurRINIs.jpg,0
JTASaPJS1PSlfUoV.jpg,0
JTD5uPuxtlfq6EJ1.jpg,1
JTLoYAdlsIWc9aCz.jpg,0
JTPUsNUuN48kxFI9.jpg,1
JTu2UbpTfBkDDXEv.jpg,1
JVc0QMbTBKX1tWfA.jpg,1
JW1TU56btlccZOLC.jpg,0
JWI2BJN3PTFwpDco.jpg,0
JWcFxMbeTTpeOT5v.jpg,1
JWellXcYf1DwW7hf.jpg,1
JX9PCuBwd8XXuncc.jpg,0
JXIPS9ZCDHGAeRGg.jpg,1
JXMvvXQywICtUsCR.jpg,0
JXcmJ3X8ZMb3TW6f.jpg,0
JXqfRaVgPQGDutVu.jpg,0
JYFfNi4Am34DlJ7w.jpg,0
JZOwpvpzTEYFYPSP.jpg,1
JZbHqRlv7YDaMcVP.jpg,0
JZnso6jz3AmyW9eW.jpg,1
JZwjHkhiDzoJjltE.jpg,1
Ja7fv9RV46ZBljl8.jpg,0
JcZaPetEOrtDMzYl.jpg,0
Jdla7LwYdJYp23Hf.jpg,0
Je9xcut2xoeebS3n.jpg,1
JeD9WwwY1X2ZgcEs.jpg,1
JfLUYUiRU1gWgeR9.jpg,0
JggBvPmTdfK1FlG2.jpg,0
JguNValL7nKHY77d.jpg,0
JhbFnqiozVekpR0I.jpg,0
JhhBKds4nW9hAXyC.jpg,0
Ji0zW4c55tP2CKzP.jpg,0
Ji3LUbEG1tUWrXPY.jpg,0
JjhThxb9I0imUOSz.jpg,1
JkFyV9HGWqH9k3eR.jpg,0
JkjWlS9LMdFBbzEp.jpg,1
JkwvnrExvy5bHKgs.jpg,0
JkwxlgNbDyMFcNg4.jpg,0
Jl0FrscLtUITk7hG.jpg,0
JmiBmZwsCIWf4KZ8.jpg,0
JntrjRjG5asSIzD9.jpg,1
JoHyCudPRJCNTKLz.jpg,0
Joju3PTcbqWXGlpN.jpg,0
JouUi2asfaVExKgW.jpg,0
JruMCyIgO2Oxt1bM.jpg,1
JryJWmXNnpWt73vz.jpg,0
JsSNruh3HMQQY4a3.jpg,1
Jsmvzqpy95VCK2O6.jpg,0
JtSZdM0CHEIzjRoe.jpg,0
JtlcGo9A5V3vPu4b.jpg,0
JtvCAx6E0LucTtR2.jpg,0
Jtz4voNs7O6cxOgh.jpg,0
JuBcDuDJ2XbhQn7W.jpg,1
Jupvuy6ZyGnMwO8o.jpg,0
Juwh1njOmkmwwrWF.jpg,1
Jvdd5D3rRFDirTbl.jpg,0
JzGccMp327hcxNkH.jpg,0
JzWmyFea9D5CR1SV.jpg,0
JzYi87mDdiOKRLmU.jpg,0
JzgoQd6auujMi9IS.jpg,1
Jzqa8DubQUhLmdAG.jpg,0
K0PYKFayEcE8bjiU.jpg,0
K170ziU4xqME0K3M.jpg,1
K1ghTcH4MjqVsTjL.jpg,0
K1sIpyhM14x2GHLW.jpg,1
K2YkuKt92rifm58K.jpg,0
K4K3TKovIpVcTwTD.jpg,0
K4VY2ihst31LNkGQ.jpg,0
K4gmgJqCmfSPEjd4.jpg,1
K4hMWW0BY4XWh6Ai.jpg,0
K52d0S19bAbwtdbC.jpg,0
K59WjPfqPYi4AlgQ.jpg,0
K5JaRvxsMs3CXQr1.jpg,1
K67atkXY4bAzliVo.jpg,0
K6CsErKFengborfF.jpg,0
K7O4MedRmYQI6Mk3.jpg,0
K8L4ZqRBeYz171sr.jpg,1
K8XZRgvHapK0ha6k.jpg,0
K9BNOvEb7U6wdjAg.jpg,1
K9J4utq5wXVrR2qU.jpg,0
K9RHTlU2qPweFk39.jpg,1
K9TyvN2M1hu4LjxL.jpg,0
KAI4hRVtisUbMAru.jpg,1
KAXK4FGIaFsVFDfU.jpg,0
KAcA9kwdH5aOQzJh.jpg,0
KB2AhI0oWpI6TXjb.jpg,1
KBwRNVFT6nrDiqpC.jpg,0
KC5fLjLMfVB9Zm5p.jpg,1
KDNz1yvRfehQgnh4.jpg,0
KDZ0jrwWDx6RNKGX.jpg,0
KDkUwsCa9FbZkvOz.jpg,0
KF1j5uvR8fTwXWfQ.jpg,0
KFBZQgoGylPFzLmR.jpg,1
KFEtpr4uMyzabMnr.jpg,0
KG4tQnNOOfjt0zkn.jpg,0
KGLhh4FnXIxXehru.jpg,0
KGfpxRUcViLvUsxf.jpg,1
KGobxex1w0nozpOw.jpg,0
KGsItt2fNxKZwgWO.jpg,1
KH1G528Cx1fDj8wf.jpg,0
KHA6FfShRm902CsB.jpg,1
KHFuNdPsKg32htiG.jpg,1
KHT8dvtwJNsdr4FH.jpg,1
KHftI6N1CdPRmhKE.jpg,0
KHxEJDvMU8bncqrX.jpg,0
KI5ErvLeqRoLji1R.jpg,0
KIZlIvdXAsVksc0i.jpg,1
KIgNurdekHd5ZrhB.jpg,1
KIxBx0hOqUAZDXmb.jpg,1
KJY534N1C9VjC9c7.jpg,1
KKnGpc7qcA2vGdER.jpg,1
KLE4gWEmtsoDW1sm.jpg,0
KLH2KZGElm0VqjG5.jpg,0
KLQnEDPht7M0f9JA.jpg,0
KLSR9XeCfXLQhpyY.jpg,0
KLfH3qKtuxX0v79o.jpg,0
KMGlSS0QYcDRmGfc.jpg,1
KMclgHzBPRcSEXYZ.jpg,0
KMoGaGdk9uYVbz4E.jpg,0
KNUfnXPsTPNn0qqS.jpg,0
KOoSxdiGck3SUdiq.jpg,0
KPDc6Ok3Ko4257kC.jpg,0
KQ7brOPoOXfvzjj0.jpg,0
KRus11kQS16PUjzs.jpg,1
KSQ8jesMJTKu4EnT.jpg,0
KSxit0HYAgHfdmBO.jpg,0
KTmmuDflg67ofyV3.jpg,0
KUDov5c5ezvMsPK7.jpg,1
KUIO2LcC0dKr8flt.jpg,0
KURbQ2Vbe6znDh8V.jpg,0
KUePO8lX68SCpWJl.jpg,0
KV66a3rpWZ9yTar3.jpg,0
KWAsrCLQcryBm90R.jpg,0
KXC0pbW3NYag8XzU.jpg,0
KYUyy27VykQeaVHO.jpg,1
KZB2cOul5HXyMPZn.jpg,0
KZheAZByTmdC2h2v.jpg,0
KaRKHERCUWGszYqH.jpg,1
KaYDC903HdyKLjhN.jpg,0
KapehotuNkDOzowK.jpg,0
KbjbprtWFz5cyYHF.jpg,0
KcF0XsVQ71WvLvxQ.jpg,0
KcKChuAw1svHrHVY.jpg,0
KdCgUWoqZA8ZoGix.jpg,1
KdwVnh9Xmfv84uIC.jpg,0
KfboQJB7sh9RO8qk.jpg,1
KfhvUtbUC8bFtHi0.jpg,0
Kgn7Y3wpyGQO2Que.jpg,0
KgxArHFIG2w8kxWE.jpg,0
KhRjIxrhXmpo8Qm4.jpg,1
KhlnqdymsL9RglAd.jpg,0
KijHFNCNoPXnbdve.jpg,0
Kil1DR21PvDFDM1f.jpg,1
KiySBpVAzPMfAR8o.jpg,0
KjO8U0ZNT8nLIw54.jpg,0
Kl2Uh9CRkHutAhzh.jpg,1
KlBWlSfyMpw6c4aw.jpg,1
KlGQQGtf14G8L5Er.jpg,1
Km8AHQ4NlTZOjW0K.jpg,0
Kmxm4p0jeIeGtQEj.jpg,0
KmyizgpFA82N3fRr.jpg,0
Kn9lshhlWm2JM5eE.jpg,1
KniAEo2n6CbGlRc7.jpg,0
KnqWI1O0DB91kNKm.jpg,0
KnsjkAdtWP7hMlkE.jpg,0
KnwHxcLnhRkVJhLD.jpg,0
KoKgZi4Sitgq8rDz.jpg,0
KoMOEFLfEZbsyOwH.jpg,1
KpTlPAub5HKLdvL2.jpg,0
Kpv3HnwkkSvKGK8i.jpg,1
KqD0RFS9QgX6tgEo.jpg,0
KrleLj62wNDYLreA.jpg,0
KsHbc4GteKPmiLrA.jpg,0
Ksoo8AVMCFCqaa1P.jpg,0
KtvgALNqTVaGWK9m.jpg,1
KuLhxJ1sTVIpKFtB.jpg,1
KvBBpwn9APcdPeYk.jpg,0
KvGoVGq9vRLuDWcD.jpg,0
Kvm9GEAXcYbwWm94.jpg,0
KvyaT5HSCYHhX1cu.jpg,1
KwNOpyEbgsfOctQ7.jpg,0
KwZEmhaJlsOqrDHj.jpg,0
KyKH9g5NMRVF6Dow.jpg,0
KzTM43hXmOPYyRyi.jpg,0
KzTct1zVLEyqBETb.jpg,1
L0EYsHNdmAy77O0J.jpg,0
L0TlgljD5Jaru5HC.jpg,0
L17FLbolx536h2AH.jpg,0
L1GPyqvkY2onJy0W.jpg,1
L1MyuGu3AHYHjmvT.jpg,0
L1ZbIGseAYG4MKOo.jpg,0
L1oyADVhkAGtFJBH.jpg,0
L1pCuzm6e21l5fg1.jpg,0
L2P9VO5kUKvsw1H0.jpg,1
L3XWNbr9Kj1QKtEF.jpg,1
L3ol4oos63N0nXpb.jpg,0
L3smoHzrnaIVGNXV.jpg,1
L47eyW3QVfQWnW1E.jpg,0
L4Ph3ffFCqQ79syh.jpg,0
L4rRPnnmB0qUwVjO.jpg,0
L5NAaitQNclDF4ky.jpg,1
L6E2Ic4l7XO2c3bo.jpg,1
L8Du44QoGWM3oWXY.jpg,0
LBQxde6U9YGK24Sq.jpg,1
LBw0wUcBj6ZwbtsE.jpg,0
LDUJGoChZ3x6sLil.jpg,0
LEvxjiiDmtxh6Y1G.jpg,0
LFJ60yZ99iqOZNT2.jpg,0
LFWQfVubbB3VUIbs.jpg,0
LFl7o8NRJedzOLcj.jpg,0
LGFLfZpHzcpMiis4.jpg,1
LGLUPhks9e6nTJev.jpg,0
LGYGTHNZIy0sxezw.jpg,0
LGlvaarSfP7jnzin.jpg,1
LHT25tJ4cL4gSqCf.jpg,0
LHTiJlk5116h2vEz.jpg,1
LIGlyheA0uLEJ8Wx.jpg,0
LIU0vWYW25FIVO7N.jpg,1
LIxshKqNW0VNpRKd.jpg,0
LJ9kqxxJjYscCjlY.jpg,1
LJSvvrxCqYxMHRG8.jpg,1
LKPzcZ97C9mmluqz.jpg,1
LKSfCHLPbXMrNaaQ.jpg,0
LL7KR4yhN9StVOL8.jpg,0
LLgOGVh9NKOzPoep.jpg,1
LLwtAUOxpnfBVhAq.jpg,0
LM2TEDgqMxSIr61p.jpg,1
LMBx374si0Jnuyda.jpg,0
LMyxRRMFWzFkirv8.jpg,0
LNJmC4xvRYYs4PcL.jpg,0
LPbqIxHBoJdNxYWK.jpg,0
LPiw7bOZsk4FZ1gc.jpg,0
LQ00o2r2Zx3Hu5Y1.jpg,0
LSJ7kxWDeynxxPTW.jpg,1
LSrcMdUgeETMYHFO.jpg,1
LSzsByo7qy3LAmcW.jpg,0
LTHLmZf2je6qeAMo.jpg,1
LUn8cEp9hVx6xAPP.jpg,0
LWElmqR928EtEPxU.jpg,0
LWcRsp6ngNJR6Yfa.jpg,0
LXvdHxnUq3KQfBJd.jpg,0
LY1Mm4uLl506PVDC.jpg,1
LYd0ZYcFrb4BErti.jpg,0
LZBi9pKzDpYTuThJ.jpg,0
LZJisiplQGtODKiT.jpg,1
LaTtRjmSSmsmAK7q.jpg,1
Lah7TLUorGhI0vhp.jpg,0
LcY6ehdL0BEe0q75.jpg,1
LeCdrWTumtdvmjLq.jpg,1
LeGxX1gFZCxsQEap.jpg,0
LemCWudi0OoNFSYT.jpg,1
Lertgn2KH2EsEYRG.jpg,0
LfDAGRgioBQ47yK4.jpg,0
LfkzwgLkK5M4omCY.jpg,0
LhIOUpd6RSF7mEAM.jpg,0
LhXEYef7XR8mO0F1.jpg,0
Lhm6jIRuPCEa5khb.jpg,1
LhqBwQdlFyK2dhGD.jpg,1
LhuBGdDY9iLDhfuL.jpg,1
LiNvwfwlAMRWPmxz.jpg,0
LikqSSSi6sqvrB0f.jpg,0
LjAmp0HqA3gy6Zau.jpg,0
LjPohEvpqrdZzu30.jpg,0
LkXa4kK0qqeJuP1m.jpg,1
LlE2wJJPVYIukDsU.jpg,1
LlL0WTVOoogzNMLb.jpg,0
Lnk95GY2PfgxCjN5.jpg,1
LojL78UbN9WNcArl.jpg,1
LoliO2dEAUENx3n6.jpg,0
LooCUzy5Y1q87qXH.jpg,1
LotmXl838WgUiNgD.jpg,1
LqJG6Mk8E8GdGxxE.jpg,1
LrlImutdbaiIk8Ic.jpg,0
LrwC8GS5c6fbu0Qz.jpg,1
Ls8YgOMs6ErQfcpG.jpg,0
Lt7bjlpU5Am4dZCD.jpg,0
LtSGapmCcPonerPS.jpg,0
LtU1wbqSzc2Hiybt.jpg,0
LtjXHMhevR0TaJ6U.jpg,0
LtmwNJkNqeQ1SD2i.jpg,0
Lvk35BoDRnCarGPh.jpg,0
LvlWgZTnMVYo0UDZ.jpg,1
Lvm4rkUEjk477Dfa.jpg,0
LwCD6cLldnm3dQjP.jpg,0
LwwXLTxQBkZFgYpm.jpg,0
LxoE9cZrv8hb8cxl.jpg,0
LyWBxf1U7fONaKpq.jpg,0
LyX1Bza2xEZ5DHnF.jpg,0
LzAeYa1ocQGPouuU.jpg,1
M03d4AQSROX0Y5LG.jpg,0
M0AbYPvsNYC1pPTl.jpg,0
M0Tt274LuGW7nZiU.jpg,0
M21U3C1cC0Ha9ECg.jpg,1
M22c40oajPm3crK0.jpg,0
M2AbfdY8Gfrj5vHi.jpg,0
M2p14FGmsFn8MbJg.jpg,0
M31WKs3ZEFm8iAWG.jpg,1
M3VBhmadS1f7gNIb.jpg,0
M3e2dHJGaEF9F8u1.jpg,1
M45X3zp99o2FAm3M.jpg,0
M4cHFwbwdAzmEGaB.jpg,1
M52jTqUoZBGqNnQI.jpg,1
M5gbnwgjqdHCQ9VM.jpg,0
M5tvvb44xYHXnysR.jpg,1
M6g1IYe9QFsFeWVr.jpg,1
M7cqrGxIVvFdXLyg.jpg,1
M86sO1ZHkSwfi3Pg.jpg,0
M8BbyBtfCuNbWLyz.jpg,0
M8SGGWwcq0XVu1Ek.jpg,0
M8qJhkyRFjJWSnBY.jpg,0
M96bVGSb7k5p9v8K.jpg,0
MAIKzpVmfJgXNZkk.jpg,0
MCUM9Y3mZKiblbQ4.jpg,1
MCZ90JkoDnI7GwyG.jpg,1
MCdXhsBipFGi7muF.jpg,0
MCojGxZgGs8F2em7.jpg,0
MCzA0mDyrDW3jVnu.jpg,0
MD1Az5oDzs6r7SgE.jpg,0
MD7lZKHJ0ZeEwnMz.jpg,0
MDN4Vaj5mBPoXm9u.jpg,0
MDhPYTBGJqmiMu3a.jpg,1
MEJBKxVo7AipP6Ui.jpg,0
MEtEEbUY3Is8Z996.jpg,0
MFIfHwkz2UKkdaqs.jpg,0
MGgAg38yFjIcum8L.jpg,0
MH7npCOrpViONbbt.jpg,1
MHPy9pl4XCmWZsZJ.jpg,0
MIFL617t7gmaVPE3.jpg,1
MIV18ttAJkErVO6V.jpg,0
MKHVwbcJiDA5f5dX.jpg,1
MLGSjkVJiHiqryA7.jpg,1
MN5807Tfj6onWqX2.jpg,0
MNVXLykgRDjFmW5g.jpg,1
MO32nBvQOoh4wu9e.jpg,0
MOUfAGVQToQ83w4Q.jpg,1
MOZiMttbCx6VKGho.jpg,0
MOkD1GKHp3FKEUJD.jpg,0
MPrZ9hCoiotrX6x2.jpg,0
MPuoqiE6lJSOwZUV.jpg,1
MQtSsIQEskmdeyhM.jpg,0
MRyLuDK53kvq9oCw.jpg,0
MRznh7GMHAEa4VZz.jpg,1
MSzSbiTEnK05UHqN.jpg,0
MTJbjWvCFYzdXf2K.jpg,0
MTzYrnMIZfTRBeju.jpg,0
MUkxU3tnQN1f2K4w.jpg,0
MUmAxLZrW2FDRsfM.jpg,0
MUqp1ZqHITXZULla.jpg,0
MV4CdvytLKfo4f4p.jpg,0
MVnaq2Dw9Dty7J7X.jpg,1
MVwqCvDb1mzZrZkw.jpg,0
MWn1E5p2RH8GvZH0.jpg,1
MXFMSGikCiCDvYVs.jpg,0
MXUyr9Vh4tFVurlN.jpg,1
MXnOK73dMTfrpdPK.jpg,0
Mb9Q8lhRSp1GbYSJ.jpg,0
MbgROTFwzU25khsj.jpg,0
MbqEhrjLEiNlrUYH.jpg,1
Mc1mHrJc5Qonj2qG.jpg,1
Mcda4ktRQt5P8uSq.jpg,0
MdlUQLf90hJ5xvo6.jpg,0
Me1eaIoPbkdeGItN.jpg,0
MeF93ihzxxLr04mJ.jpg,1
MeOCJ0wquPHG8JDT.jpg,1
Mh37fHRjNuo2FSXI.jpg,0
MhLzxLiINq7sSACe.jpg,0
MhRYo8i86Yv8KTTn.jpg,0
MhU1pedzhndE8p1T.jpg,0
MhdBEgoFFWJzm0rB.jpg,0
MiGkbf7Vv5TNkRem.jpg,0
MiKEhtNiI5Mx3OVA.jpg,0
Mjm5RResbdXGnG3D.jpg,1
MkVzaTLx8p8fglrp.jpg,0
MkWeg3wjJIhwXtEO.jpg,1
Mkl9vM6z1epTlzTE.jpg,0
Mm0ie5QIImtWZz6c.jpg,0
MmCqUEZBFJea8SdN.jpg,0
Mmq5Eqt5BSq7tE3J.jpg,0
Mn72iYdenYgFiu8Z.jpg,1
MnilsG0wz4Ffhsyv.jpg,0
MoibuUt5vm38zUUI.jpg,0
Mp3bdNhR4tJ93Xus.jpg,0
Mp3e600rTpcL5VU1.jpg,0
MpDkMeuemoSHHST4.jpg,1
MpXLRprPXx8XdD6R.jpg,1
MqJrKuzyk58OEF1Y.jpg,0
MqOco6r6RV9coLkF.jpg,0
MqPD1weQz9GRfTUP.jpg,0
Mqb0P2676AsfgdvK.jpg,1
MrEc4K3uUXb3mpOp.jpg,0
MrofZ6539TbuJQ5r.jpg,1
MtD61TKhiqPmhKxd.jpg,0
MuQ1nkRnRiib0It2.jpg,0
MuV3NneZ05vhjMrh.jpg,1
Muqgg8VuuG1Z2qfG.jpg,0
MvRNfxNTOx6ZQobH.jpg,0
MvfrsF6s4TCAw80e.jpg,0
MwvGP5X5hoOBbsHx.jpg,0
MxHXmRetUszShwkR.jpg,0
MyOIySfbpUtYIS3E.jpg,1
MzcVJHe9whxevKsg.jpg,0
N0M8bvQEzyiG67iC.jpg,0
N0e0OZT2SclBCFRO.jpg,0
N0q3NlTf8sth2Zsh.jpg,1
N0tVmA46LOX9eAcw.jpg,0
N1OiQKf8XRuucllo.jpg,0
N2Q7u6J3YxkO4gTY.jpg,0
N4kciq1dlR4d8ycG.jpg,1
N5AAthIejMY6Buaz.jpg,0
N5D1uAIkzNreSm0v.jpg,0
N6ktS7Wt3IcJc0dR.jpg,0
N73bTtXahM7LCxAd.jpg,0
N8kYsnUvhMvxNPEN.jpg,1
N8zYdz6GMwwGQrEf.jpg,1
N9AYixumkP5hOR2n.jpg,0
N9Bvgcpi6UFv0QWD.jpg,1
N9vVIM1LQCr19ZE5.jpg,1
NA4pBCmY18HpI9yo.jpg,1
NAhsedxJ7EWuwBJR.jpg,0
NAo9bDQtJkthPrE6.jpg,0
NBHKfJsk5UTRlAHe.jpg,0
NCAwqppsvh1irEzD.jpg,0
NCWN6a5cXvzM3tKn.jpg,1
NCbrVv3xYDvOVE8i.jpg,1
NEv6xqpgo3q0vHrh.jpg,0
NFQCgW8MxvqULpMJ.jpg,0
NFniyv9g9Yn66gmv.jpg,0
NFq2cRSvauChJRvK.jpg,1
NG2nWsO8gfloZcPi.jpg,0
NGM5KmSeycGTEwH3.jpg,0
NGijMSQ6r7zVhQ4I.jpg,0
NH7h5gQ42fFkfOne.jpg,0
NIeGygNrlLAMIM9x.jpg,0
NK63bv9lpwrnBu6Y.jpg,0
NKCU33zk6hCyQadG.jpg,0
NKN1gQlEzpRvuE1m.jpg,0
NLCareftVSrRN7Su.jpg,0
NLCcbpOcOEcVfIA5.jpg,0
NMHfn95aaBlfCDEf.jpg,1
NO129nWWqtt1XwYy.jpg,1
NORPVsQGlvJmOhNp.jpg,0
NQUPvqr49e6mXLOt.jpg,0
NQgO1UfeqLEVfpmv.jpg,0
NRkILXPft9JeXcoa.jpg,1
NSnP1CPERZceK95j.jpg,0
NTUwnqVwHcZatqL5.jpg,0
NUavyxw2NxMM1RG5.jpg,0
NW7osqdc6F27e7YH.jpg,1
NWlckBI4FCGCl04N.jpg,0
NYwFBCgKIFUqkTsv.jpg,0
NZqznaHC0f1BJsGG.jpg,0
NaWwf2ZgvJYRPxnj.jpg,0
NaZx5qu5kzFUyd7p.jpg,0
NbSvjpPvLsLokrsk.jpg,1
NbuTGEGDtUd9rVw7.jpg,0
NcNMQM6f3etjuQg5.jpg,1
NcZSP6nHUIEWfaY2.jpg,1
Ncnr130xpE5lr2y2.jpg,1
NdQLZgEIQ8zj0N0o.jpg,0
NdTYwn7PyehG06up.jpg,1
NdduDU3MqMjyGsCD.jpg,0
NeLRfFXYWa18wdOM.jpg,1
NemLpdK1lMWbL3Ei.jpg,0
NevfaxenIW9APliQ.jpg,0
Nf0seCKxZayt0js0.jpg,1
Nfy8wDsSGhOBoby7.jpg,1
NgLedt9qZn174O5r.jpg,0
NhbbaOXZRajRZ1G1.jpg,0
Ni7jLmSrbRZteUNI.jpg,0
NiWY5Vz6FilmuApS.jpg,0
Nifn2x3npZCdD85G.jpg,0
NjWDk3A5uXFrEjPh.jpg,0
NjX9GuYfgXW0cK9m.jpg,1
Nmm36mIJEwVCdema.jpg,0
NnHjKYlibZt0WoMf.jpg,1
NoDj5Yg0frCWlo0f.jpg,0
NoMs2ahN64O2uqLx.jpg,0
NoSKKYIBCgz5J12B.jpg,0
NohegVksHouVu8TP.jpg,1
NptvMzYLxBrL6cxP.jpg,0
Npx87vbFv1I9gvh0.jpg,0
NrBmFUeIJX6sxhnJ.jpg,0
NrsnvAxOBo4UE9Jx.jpg,1
NseFq7cmVijkMAdK.jpg,0
Nt6ag1JcBO9CRvVW.jpg,0
NtCgDVo7G1YzSirQ.jpg,0
NthBRoZUI9JLG0bb.jpg,0
Ntnfp9HwyWnYan43.jpg,1
Nw2iNbJEbdJ7yrYO.jpg,0
Nw8KiMiJOpHSDI1X.jpg,0
NwExW6RhUOf3WD2m.jpg,0
NwSeIkIWPOgHaTeU.jpg,1
Nwoykt3A0Y6oe0ul.jpg,0
NxhnSYbzlpLpv9pr.jpg,0
Nxx1nsTu8E6g4f2A.jpg,0
NzLA5DfndowkyM1p.jpg,1
NzrROmpl4SDIW8Ln.jpg,0
O00VLEQkDTc5K6jI.jpg,1
O08AzdiULSO5iNRM.jpg,0
O0hG5ipukEfNHW5w.jpg,0
O1A7gm16PxoZxowv.jpg,0
O2J9EQBUEpszvx73.jpg,0
O2RNHop82T3QFHdd.jpg,0
O2VIUDJz7MAWmHpx.jpg,0
O2WnVwNFxUr7Iors.jpg,0
O4i92afW6a2zCUW9.jpg,0
O6Xz0RyyOgUEsyXu.jpg,0
O7rrJqBgx3Un56a0.jpg,1
O7u75oAw8SamQDvE.jpg,0
O8RsJuSdBNGVMQjJ.jpg,1
O9ZEOjidxUDKzk7b.jpg,1
O9bjlLom4LsRxxYj.jpg,0
ODgWztEl7nDrBhzF.jpg,1
OFIgLr0GXcTvvUF4.jpg,1
OFP8PVqs1gFhBJa6.jpg,0
OFwyp2i7e0asAYpd.jpg,1
OH3kTL92wJ4IPUtX.jpg,0
OH4HP21bGCkd5fuE.jpg,0
OHu0eMHTDjcnxm7k.jpg,0
OJuflqGGP5TAH8dv.jpg,0
OL81wELVwU3a5C40.jpg,0
OMxoMNDwx0pISZFB.jpg,0
OOhAb8allE97ZhjX.jpg,0
OP0Ke3kUi3H36r6m.jpg,1
ORCQgu7AXFrfR6HJ.jpg,1
ORu5rXw4VqQNYngD.jpg,0
OSMI5r48hOuELpSs.jpg,0
OSpf1NpOFkAd7Yvf.jpg,0
OTpcRNbn7QBHziQQ.jpg,0
OVGE4Ia3GGJE16LZ.jpg,0
OW7dKozCKBkGGX0X.jpg,0
OXZJhOngYJuYTvfx.jpg,0
OXnpARnYfQlLBJ4j.jpg,1
OXy9ESrzIj4AGP3P.jpg,0
OY9WfrTkEO7HnsAY.jpg,1
OYaSl0LVyC2NwK8W.jpg,0
OZ2WS3d6UE4t08nJ.jpg,1
Oa9eYDQ8nRnL9aea.jpg,0
ObKrbYETDAUGnlKd.jpg,0
OblD5bPTlj69lpqU.jpg,1
Oblntc8EiH3c5WUt.jpg,0
OcPcVippxWGJ1woB.jpg,0
Od4HNy42Mm7xrR7m.jpg,0
OdvldtR8A2c3yBcu.jpg,0
OeNvQupJx0HZAjey.jpg,0
OfCWkXmMNAATluOy.jpg,1
OfHhKbmBg025nda0.jpg,0
OgIQ3gh2YMPFS4U5.jpg,0
OhrzwswndAVfzZ7U.jpg,1
Oi9wh7bycuecO4OE.jpg,0
OiyWeSHIKpAmCZBP.jpg,0
OkdD6eTYGsev5jUh.jpg,0
OkiVjSflsdWyn53c.jpg,0
Ol6OHmRgoapFidso.jpg,0
OmWVa3nAVTuxT0wB.jpg,0
OnK89SV42xL9hYbz.jpg,0
OnbVpGfxtSgQV5Uh.jpg,0
OnxQSrpQYw2Cj8NR.jpg,1
OoqXqdYuvWKgTFK1.jpg,0
OorFnr85uMIxsrNT.jpg,0
OpSQITtkz0082m7Y.jpg,0
OrPmHnJwbgGdSCoZ.jpg,0
OrtCSIj4jndB2nyT.jpg,0
OsH3flDMbyt2BUjR.jpg,0
OsdUYC2oqPwjT6Tx.jpg,1
OtNVafueajA5vXcz.jpg,0
OtoRnrcOSGgZ30AL.jpg,0
Otqy0S09ZN3xx0JN.jpg,0
OvKDnZk71RUXQnzA.jpg,1
OvrZ7ivVmygPbGvd.jpg,0
Ow49H8oPWYMN7aqv.jpg,1
Owo6f1bArlWxkp8b.jpg,0
Ox6p1czEf8WEq82M.jpg,1
OxtsJqtu1sLAoLyy.jpg,0
OyGfGH8Oamtlr5f6.jpg,1
OyRd202KAHmd6VN6.jpg,0
P0IyfaXBkagyLn2s.jpg,1
P0MjPCjNxopXiH6H.jpg,1
P0nIymv9OBAmq9LY.jpg,1
P1xxZaeH1PiZ9Is2.jpg,0
P2ICN3538Xi1Ln2t.jpg,0
P3Akir7Rh7sVQnXP.jpg,1
P3mLqH5XteKB8NiE.jpg,1
P4H4Bf0YpkaEqKIx.jpg,0
P5LhRxMb6Q6XOrau.jpg,0
P6oZTRuiy9ugS2zf.jpg,0
P6pUDcknmOFhJVyd.jpg,0
P8tKxyw9kDq02T3I.jpg,0
PATLMgJ0rDRA2Cfj.jpg,0
PBGfZ4ikWb2UNS9F.jpg,1
PBosP9rDfzmmG8Zc.jpg,0
PCQzy94TJXkHHg7x.jpg,1
PCtjhgkdKDokYLYn.jpg,1
PE92kQzgOxq1mp8Z.jpg,0
PEJvfy0EUV0trh4W.jpg,1
PEuDj7oUFXThcSLv.jpg,0
PFA4uQdjVmmbWQjw.jpg,1
PG0TQGfhA2sZx7U4.jpg,0
PGl48vmqfFl2gjlI.jpg,0
PIwS0w9KrxQszQqT.jpg,0
PJFUQwQTqe6MP4iC.jpg,1
PJNeCFlfUA0EJb0r.jpg,0
PL8tOZq1I4mBEouG.jpg,0
PLel4FfMHvJyl9C0.jpg,0
PLgNl0MDCAKteWrT.jpg,0
PLvIx4KZpV3fFobO.jpg,0
PN6Y2T2h4Iv8PtmD.jpg,0
POMxq39IFiu22K8J.jpg,0
PQOXDPCmadBUhKvS.jpg,1
PQmZmCQ4gK6wa0BR.jpg,0
PRHDw2cOYS5v4Jgz.jpg,1
PRMZYuO3HCmcDAa6.jpg,0
PSTUskDWqspbcyNc.jpg,1
PTDmPzjAkci6lhrb.jpg,1
PTV4EJbkYQG1r2eU.jpg,0
PUmGOJW5GZ5RTT9F.jpg,0
PWCXyT68AFZEs660.jpg,0
PWGEMI2ZKRVDGkS4.jpg,0
PZe1RgjqayjIO08q.jpg,0
PaO4wiSZ9HhuAnCZ.jpg,0
PaSQBtAkWz0pFviK.jpg,0
PaU3mkNvTezAovLc.jpg,1
PaeF5QsXsVs5E1o7.jpg,0
Pb7hhO1geIzIBVlv.jpg,1
PcxNk4URknvNsc3Y.jpg,1
PdfEq1m3PmpixKup.jpg,0
PdmhRLPTTy6qcvlZ.jpg,1
PfMIv6AfPzFNOihQ.jpg,0
Pg9BZmdmCjHBE2Ve.jpg,0
PgP60yeDQtgQk39j.jpg,0
Pi23cn0bgTt5Tvud.jpg,0
PiXsHHn9ktbXDH3K.jpg,1
PiyigTTaIim798Pb.jpg,1
Pjt7g0JVBN3IbmCE.jpg,0
PlZGSp1jdEow99di.jpg,0
Pnic3OfjmHQsZeKR.jpg,0
PoduddLW2nwi8luM.jpg,0
Pp84BZ5EFwKUCjQw.jpg,0
PpBsyEY31vPW8gGk.jpg,0
PpFsyWpDL9dXpx1F.jpg,0
Pqk7m65xV8AF2Rp9.jpg,0
PrLMCvt32zy7dnO0.jpg,1
PsiqPnMDjXWTr9At.jpg,1
PtFdGGqkhMwjiSUN.jpg,0
PtlWsh9GC5TVHry1.jpg,0
PutPuFglg8PnJK3p.jpg,0
PvBzrAVuJTAztNg6.jpg,0
PwJH8lWtZxlFEvVU.jpg,0
PwWbUTO6OnaOHvTR.jpg,0
Px4mchNQVaxHznKp.jpg,1
PxuarUD2SAKJhz5a.jpg,1
PyS4NC0zCiWAk4Tg.jpg,1
PydKm7R4FUGoW3OT.jpg,0
PzRmXFsQYB5ETXX8.jpg,1
PzVfcHZAF4rQrddC.jpg,1
Q11MhotJFLUyliWk.jpg,0
Q2gDJxwrk3fglhe8.jpg,1
Q338vkZ1MgG5xiCQ.jpg,0
Q33y3ZpI8tPrl4D9.jpg,0
Q3JACQseMk64jo3o.jpg,1
Q3U7C8V2PZR0TByT.jpg,0
Q4sXs6OCbmudIBNB.jpg,0
Q7Bg0HOY3srQhOJO.jpg,0
Q8ShJZyg7ocDvdCL.jpg,0
Q8kS90Fir07DqZrc.jpg,0
QB7nvDU7IIIH5hzC.jpg,1
QBCSmRMhIBvDIRBm.jpg,0
QBY7EnthCifnm3JJ.jpg,0
QByCqlxVZe5KoHq3.jpg,0
QCcNgToAt6C5cLii.jpg,0
QDYawC0CbjDkM1cC.jpg,0
QEOkYcajT6BmN4S9.jpg,0
QG8a698IWlJkVIAk.jpg,0
QGP8vOm4Ziy5u6Ny.jpg,1
QGzQZyYm62fUpyv6.jpg,0
QHAs9E24A0NRmFms.jpg,1
QHNXYbAMn989l3CT.jpg,0
QHa14yXbWDXdSOES.jpg,1
QHkKOSRNrTHEWs9B.jpg,0
QIjGNZUaw5kfaz6o.jpg,1
QIljhU3KYijCDL5c.jpg,0
QJMQjJr4GICxpuEp.jpg,0
QMIx8JbB9eercyst.jpg,0
QMKzH6szdAyVrtWu.jpg,1
QMfKXUOcgC27cPao.jpg,0
QNBOQ9k33JX9rZ89.jpg,1
QNLFzyaNXUVQfTlr.jpg,1
QOmntnhkcwEKfhpX.jpg,0
QPOHnVFzydLD1nMi.jpg,1
QPsmEJPNZLX0d7K7.jpg,0
QQOMx2hHzRrTaKKt.jpg,0
QQn1jZh4ofLh1a2c.jpg,0
QRROvXzfncSdwwTo.jpg,0
QRRn2WGIsslfnJG7.jpg,1
QSBv9MwaxFg8Xotr.jpg,0
QScpmc1ceBJcsC9w.jpg,0
QTVwn2MdIz9yp1XK.jpg,0
QTamiP0GuvhPNr91.jpg,0
QV7ThWVdXuUpjmXk.jpg,1
QVGXmuKl19RhvNbY.jpg,0
QVIrZbXZptuQkpDH.jpg,0
QVVNDRWfYJgKXyrb.jpg,0
QVtjmSi97ds4vqmx.jpg,0
QVvqIXUajZU6iPMP.jpg,0
QWII1AbmPFEUXpCS.jpg,0
QWt1NwtFjT0dF56q.jpg,0
QX0VEGH6lx4buxFb.jpg,0
QXxSSlbAG2clRFIC.jpg,0
QZIJSEYGeO3bt1gI.jpg,0
QaLMXgNN3WDlp0K9.jpg,1
Qajiwo9ESgj15Dco.jpg,0
QbH5cSl0LsBOdd3S.jpg,1
QbrKN8tpAsBNFYNe.jpg,0
Qcd02cGu9i81HCeA.jpg,0
Qfm6lHJdiW6OMDbx.jpg,1
QgrS7BJhnv5INx3T.jpg,0
QhOdf2ZDfGtALsku.jpg,0
QhVUk4TBeo4H8ZQu.jpg,0
QjI2Ruulqze8odKw.jpg,0
Qjhl3i83se1Q0Ya2.jpg,0
QkPzVZm1Ko2hgYwZ.jpg,1
QkcgLl0lfBpV2XoZ.jpg,1
Qky5Yolz44opI4m8.jpg,0
Ql6peLG1OOiaaK1t.jpg,0
QlW9o0WyaZaJtELM.jpg,1
Qm4DxQWHtuN8l7si.jpg,1
QmYk5eB2Mg0MVE6s.jpg,0
QoBHJ3m2QkGZ1SKh.jpg,0
QoSkiWw3r7IyaqY4.jpg,0
QowAkunNAJzuqcm9.jpg,0
QpVW63Y7VU6oRd30.jpg,0
QpaOl2qyWe7BB7Fe.jpg,1
QqJ55kOi6te8uTB0.jpg,0
QqamoGSX6BDUTd5l.jpg,0
Qrhx1vi9HyHNFR0D.jpg,1
QtWwm9sKlCM2LcOO.jpg,0
QthYhLPnCTFNJZ7K.jpg,0
QuAuBZvOjMqBKN2N.jpg,1
QumffUbF1QuAhCFa.jpg,0
Qv9dDTEK2azhHlEL.jpg,0
QvQApXpzXrmHtD7q.jpg,0
QvdvxPZeNxlEE5aR.jpg,0
Qw2Rf8SBfiRjs8zZ.jpg,1
QxDy5oL4V9BhrhMt.jpg,0
QxWr1l4jrlk0NtpC.jpg,0
QxjzGWOvuTC5IxZ1.jpg,1
QyqvvmQeKAruT1wv.jpg,0
Qz7ry12Jr5JCgAPK.jpg,1
QzO45Cf8Omw4LY2P.jpg,0
R1RZIBYhsgQb5Tdx.jpg,0
R1zLeOAnPMx1n1T1.jpg,0
R34Z1tvs9XwqdPI2.jpg,0
R3qEg4tIJjs90CYR.jpg,0
R43EeAGg3BTBOS0n.jpg,0
R4c7Quw3alrgjJNK.jpg,0
R4wCxILgycFTPngY.jpg,0
R4zqSlkFwUgtRiWI.jpg,0
R5RRs6DTUMBUaTpJ.jpg,0
R5W1aV6QNEjRIjrK.jpg,0
R6SuPnXDkCtZ9fpS.jpg,1
R6Y8D2sxKLKpKQg9.jpg,0
R7iPxbjz2NdbbgKk.jpg,0
R7wnCBbkXEhgQoqs.jpg,1
R8WUCgJlB2eCS5kF.jpg,0
R8ZfeLBt9dphX0n4.jpg,0
R9LMYCJhXIwDMV8C.jpg,0
R9TjAfnjHqjp1T2x.jpg,0
R9wgXRDNOPMrT4mJ.jpg,0
RAFUCXEicy0NEPTF.jpg,0
RATNiVpuwDtRjA3n.jpg,0
RAp34K2xgAp8Dymz.jpg,1
RC1HOArcoAAJkLyZ.jpg,0
RDUawjGuz2Ma4yKu.jpg,0
RDfVJlvYU3gA2Xnx.jpg,1
RELIQjbsKHpRq6DH.jpg,1
REOCR1mNiemHhJkd.jpg,0
RElmDD2Xhb1zDs6T.jpg,0
RElrz2dRVxvJSoav.jpg,0
REu1e8fzNqAlz84t.jpg,0
RFqn5HkyAzqRP39I.jpg,1
RGR3g4ICjRMqkBWj.jpg,0
RI6o1z6ZnMAbjvbw.jpg,0
RIkXyOwDoGvUpgPx.jpg,1
RIoeu1ECOd0za6Fk.jpg,0
RIpodxtkiPsrOA9f.jpg,0
RIwpvI6zPEqUg5Wn.jpg,0
RKdD0U9nxejagWBE.jpg,1
RKkXkBTMpKUjUDZJ.jpg,0
RL5O7Gr6NYqfGRJn.jpg,0
RLdwJWHuLcV6aV7p.jpg,0
RM2sNCLLXrvmNt5K.jpg,0
RMKS4pt8WaO7rCXe.jpg,0
RMp1Bj5vvlAytPcW.jpg,0
RP2S6voaOkP0cciW.jpg,1
RPxCc8dsSF9E0ejJ.jpg,1
RQ2e1iP4z71mPVrZ.jpg,1
RQ2tR34IXi1tRcR0.jpg,0
RR4gWiEMrM33TwCB.jpg,0
RRriAOs8SV5d8tfk.jpg,0
RRroUj9s1OlUzTUA.jpg,0
RSDiSsnUtlGByaL2.jpg,0
RSihXGTonZerHzgZ.jpg,1
RTqxNTEkvft2tUez.jpg,1
RTwViTPT3iFuFRLO.jpg,0
RVXXBqMCbM7lpN8O.jpg,1
RVoPMY7A3g0WloMG.jpg,0
RVwKqKsL2lXCsBan.jpg,0
RWSgfZGTjWysSOk0.jpg,0
RWop4SfCycOosiuz.jpg,1
RYVO1qztH3LeO2X1.jpg,1
RZJDRR61P7yQHUSi.jpg,1
RZlh1Tw87O8Jz8p8.jpg,0
RZr3NMFmqxOUCniL.jpg,0
Ra0wd0ZHAMf3VJuZ.jpg,0
RaaEVDqjETSJxrau.jpg,1
Rbqmey8DgOvLw6XE.jpg,0
Rc1AqTJu3WIWo3Da.jpg,0
RdKiM4zek7J7jN2Q.jpg,0
RdmG1lPsgJs0Prtq.jpg,0
RekPow3ttRXvaYTp.jpg,1
ReorAI942Xpz9dK0.jpg,0
Rf0Sh59SnUFLXXv8.jpg,0
RfE08eoQOGM8wNKV.jpg,0
Rg9EIiQngDpdshIT.jpg,0
RhYg5d1aB0DfpCqQ.jpg,0
RhbyMWXpQdAXA954.jpg,1
RiHzz4Q0fSAvBZ6g.jpg,0
RiMQUglHqbt5ltYY.jpg,0
RkyFCwQUdxQHiSO5.jpg,1
RluxkvKdnW92LY04.jpg,1
RmAjt6GIiNNyXDs5.jpg,0
Rn04Wd0LApZmGRnE.jpg,0
RnF19hDJB0aexvtv.jpg,0
RnxaKTzWjvJYNVn4.jpg,1
RoFGkG0JyRjg0lK0.jpg,0
Rqt0Elmpfc6TAxx1.jpg,0
Rr4RC47WAU8tllh9.jpg,1
RsAzj7i79hn3N83r.jpg,0
RsNndvSwrXIte2aJ.jpg,1
RuFVqsBqRqKaxx0Q.jpg,0
RuQnzDNGuBx6lplH.jpg,1
RuXx29JHvIZDDM71.jpg,0
RuuYknEY000vWFqx.jpg,1
Rw6vN0i78u3e3tbd.jpg,1
RwJSYUdhDQdDUBoY.jpg,0
RzAcsxGxAssqhWq6.jpg,0
RzQ8Ev7YcklWRrnm.jpg,1
Rzx4OUso4LTDJm1z.jpg,1
S0jdu0jkKdIw45Cc.jpg,1
S0jxV1sPcg3YrdUc.jpg,1
S0uwInErEuTYTf7X.jpg,1
S1AyHSQECb6JlNeN.jpg,1
S1SHqURbcuSsC0eg.jpg,1
S3CmkooQkBkrahzT.jpg,0
S3Ks3shJmKCrFCyS.jpg,1
S3gsbop6XOkawuf7.jpg,0
S49qIe4fRPLVkFJU.jpg,0
S4feNr1hQudvAURQ.jpg,1
S55RiOJAIjHgIIcy.jpg,0
S5eSrktbhiBXSWvf.jpg,1
S5j1iUpjRGn61dRV.jpg,0
S5ol1Ngxm3SvEXzp.jpg,0
S74hu7ShZkU2gZj4.jpg,1
S7RMjHR0OvA3Nvb7.jpg,0
S7ccBahz0mvmrrfC.jpg,0
S8We1R3k9JuIHti2.jpg,0
S8z0EHeIXMMy8oUJ.jpg,1
S9CLkioVCcF2FODp.jpg,0
S9LJA8KIWCJtrVOo.jpg,1
S9Upz4bUaMEjwivY.jpg,0
SBLJW7s7xnwIdLS0.jpg,0
SBSekLCTVHbjCAT0.jpg,0
SC8vMXDcn5C6dsLi.jpg,0
SCEKwMMZiVbEJZBM.jpg,0
SDgtN55EgWPUTLUK.jpg,0
SDheZeFmbdW5mHSL.jpg,0
SE62x7hW2xXNNnZg.jpg,0
SEPbRjJrUJYErBFb.jpg,0
SEQoYsIjJ8OqxHvl.jpg,1
SFEiBGKv1Q07gRrF.jpg,1
SFR0lAXbksVYwBpP.jpg,1
SFpSvoxGSXew6610.jpg,0
SFunWXiJjnkCiIOu.jpg,0
SGGpUlPfbOG5BDFR.jpg,0
SGnhNfbWUGwBtFMS.jpg,0
SIDfAwXeWDv1JRWC.jpg,1
SIZK9nJI60XiO8wF.jpg,0
SJ8wjxPFYkck0tu5.jpg,1
SJlGj8aeGaMhlKiS.jpg,0
SKB5Pd0hNWB0JJeH.jpg,0
SKmwTfLLa7xN0Z0z.jpg,0
SL2iwfWQj62gesEy.jpg,0
SLBe6WpuuluT4Rvd.jpg,1
SLZIwKoToJb85zX3.jpg,0
SM4LvK1VqIyhCtwT.jpg,0
SM5CLIlM9GVPiZLl.jpg,0
SM5gGZucmaeMUjAA.jpg,1
SME79ihP7SoBoqFF.jpg,0
SN1SVcC86H5FL5YZ.jpg,0
SOsxSIYYpQr4v4NZ.jpg,1
SOzZbDXc5yWiXUPZ.jpg,0
SPUxv0oW3Zj41yKC.jpg,0
SQ04T80F5cfCRKF8.jpg,0
SQUAGOceGPPhBHth.jpg,0
SR9WvzZQbNDMrhMh.jpg,1
SSe8fdCI60Zkspds.jpg,0
STMTSnvwkgYP4R89.jpg,1
SU9iOsVoMDV5SQbN.jpg,0
SVP2aKtSMncmBVgY.jpg,1
SWCBmPZmqDVBiY39.jpg,1
SWDhRWlweq7s9WTU.jpg,0
SWKclC7WE2UzcKdn.jpg,0
SWaQoVKSUo1LOzEg.jpg,0
SWxgCozHUKGaQeLU.jpg,0
SXMkL4aAyskgDiQH.jpg,0
SXc5PYVRJDTrIMSA.jpg,0
SYG7ykcRzLtxtkTW.jpg,0
SZDjp9SpBnAnAen2.jpg,0
SZxLH7WKwZB06Sa4.jpg,0
SaNyITkjj5O7jf9p.jpg,1
SaXN2mX9nex6JiRk.jpg,0
SaajPyl5TCTVXvSf.jpg,0
SbPguhBGPSTbVO0y.jpg,0
ScX3eiDFrYaqlLwY.jpg,0
Sck1snnWQ07CzJ8F.jpg,1
SdQXnebjVPI1qWHG.jpg,1
SdsayDksXBSnyy2v.jpg,1
Sf4o5ViAmp7eR2Cy.jpg,1
SfGt6TZbiXMxBWET.jpg,1
SfbAlOQPY3GcZjfS.jpg,0
SgkE9uMVPHLV1NeV.jpg,0
Sh2GACDh5q9H9MzZ.jpg,0
ShAhiHAfcpFOLsfj.jpg,0
Shp0ERtx8CFoxmbV.jpg,0
SiG61kymcOKDCvYL.jpg,0
Sigy7N9o7qhjPzGk.jpg,0
Sikizi5fUbZ1wjoW.jpg,0
SjHciaAmuuSuODqc.jpg,0
SjjNMVr6PDD6OeP9.jpg,0
SjzRTWVCjXezIWt9.jpg,0
SkHsDeO29RyIuiQO.jpg,0
Sl0EFSo72GdakOyF.jpg,1
SlvCHJhTkT4EwmOz.jpg,1
Smi7gBpUDCG53mv5.jpg,0
SmprvHcTRFnoZAcN.jpg,0
So1A8JYwrFZSRSi6.jpg,0
SotLqaEiKDIdjELB.jpg,0
Sq9MUIETeCtrEeFB.jpg,0
Ss1xf3sfA44jk1ek.jpg,0
Ssht0YHf2kCuOoHV.jpg,0
SuOVWqpl1NSK1tE2.jpg,0
SvOfThLuozjs5uDQ.jpg,0
SvVcqMaHkLsITNSd.jpg,0
SysWMYbBwpjLYCVr.jpg,0
T032OaWXkxruwmGw.jpg,0
T04yH21PPmVRtOLZ.jpg,0
T0G5rqclqzQbHgl3.jpg,0
T0KNTzViqgnkJffv.jpg,0
T0ZirConP6QyCyRO.jpg,0
T1GscydC1MIQ5t3W.jpg,1
T1HJnamrV9YeivmB.jpg,0
T1OiPWNmp0KE20Zs.jpg,0
T2YuVo087lTA6LId.jpg,0
T2vI22ffUHxRARhm.jpg,1
T2wTpbXV5wlJ2Ilw.jpg,0
T3ZZmh0fhDCk9aUk.jpg,0
T4NIOX5BqsMCa8e0.jpg,0
T4QvSduBkDMcNdAR.jpg,0
T4t9cyiVznL18mVW.jpg,1
T5sn0gm0fNswQ8Is.jpg,0
T61Ksgg4SDpKADgc.jpg,0
T6r6ceUECnGzN17I.jpg,1
T7q91yUvSyvUY5GE.jpg,1
T89QDq21s5AToGJt.jpg,0
T8IeAxQPxyD45x99.jpg,0
T8svGJibXluJglqT.jpg,1
T9KepnzQ0PGl2NGw.jpg,1
TA2j3iD0fs6ZEvIo.jpg,0
TAHBq1fYKnfi70fM.jpg,0
TBzdEjseFxIJQYP6.jpg,0
TCbWWSUgmcayc4ps.jpg,1
TEKXMBY8Tc3Wb1f8.jpg,1
TEdSXz0eodQqZunw.jpg,0
TFaiTCsHOZNIMYmD.jpg,1
TGIWkR05AEBOHfLq.jpg,0
TGSqkTQWtuF9HCKw.jpg,0
TGWTkURUwIM2jYfp.jpg,0
THyayjRFHpiilQJ7.jpg,1
TI55Zpd39tEbPQoF.jpg,1
TIzPcHjqn2QED22G.jpg,1
TK5tdGIwcaeUmvK6.jpg,1
TKHJraozfNETaGdU.jpg,1
TKNDQuGsKsYtp2Ut.jpg,0
TKQQEiWXHfVzumRW.jpg,0
TKQq0kk5cnDmZlW7.jpg,0
TKruTRDrD6eZDTby.jpg,1
TLovg1fhXguLoBZY.jpg,0
TMWr1fiaICO1Cr6Z.jpg,0
TNStm7wSYiNtaxWD.jpg,0
TNrOC716FwXNdkdD.jpg,0
TO4gBDQLKHkd79rl.jpg,0
TOnfo5CqKgtV8x6Q.jpg,1
TPjwdP1P6hlVDbMt.jpg,0
TPokwWK0sV6VnYhU.jpg,0
TQFKwbdSgZ2QBQv2.jpg,0
TQVIIgi0bTFu51rM.jpg,1
TRN5HytUpbwWKAFY.jpg,1
TRXkn44WUcQju9ln.jpg,0
TS5ghmOkpSL0iH2A.jpg,0
TSOgih8Zw169l4oM.jpg,0
TTb77yUut9qkQ7aj.jpg,1
TVJjAHFiswFn2bBU.jpg,1
TWT6kC8W1MZ1QM4y.jpg,0
TWuHs99ROdZyfCQB.jpg,0
TX6oeqv0Zq0H0zHi.jpg,0
TXDraKDN59pa4a1v.jpg,0
TY7hxuQ7hYaGACnK.jpg,0
TYV24iN35ELzdQ7E.jpg,0
TZLWQrNG8P3d8Jca.jpg,1
TZeQ5HfbGQ8S6zrT.jpg,1
TZxDMDZujxcSMmT7.jpg,0
Ta38GUyISwtoRIjY.jpg,0
TbS7BPLhJVw7gt3e.jpg,0
Tc4RchigbviR3BmF.jpg,0
TcQrdzJfmPx4LVjh.jpg,0
TcWJyhGMPkbs65Ee.jpg,0
TcxAkZSWRc6DUMsK.jpg,0
TdDqJ3zSstWzrfMJ.jpg,1
TdkZE78Kw1DL8myB.jpg,0
TeGRXiK8ClMMVY88.jpg,0
Tf4PWiC58fDjX7cE.jpg,0
TfaKYUqe8mjC9Epa.jpg,0
TffF3IEZouR350sF.jpg,1
TfwrFGJvK0X0sEEK.jpg,0
Thrw1kRLxMgXNzRJ.jpg,0
Tj0Wz3rHQx6Ny86C.jpg,0
TkKwah3JN4IB4Tgp.jpg,1
Tlqfo8QjPHFnTDwI.jpg,0
Tlw5xe50FMywyldR.jpg,0
TlzVVRy27PTVRgWe.jpg,0
TmSy4UAfET1qgjJc.jpg,0
TmusYIv8Mx2t6jxi.jpg,0
TnnHziKyBjaUshbW.jpg,1
TnvBKKt3wIlbdXM4.jpg,0
ToBGsEH5BiziwMmd.jpg,1
Tp8sHPHkhOohZgjF.jpg,0
TpOdQ467WW2jzlda.jpg,0
TppbE69kcfACLQgd.jpg,1
TqxarmBxP6kwc2t3.jpg,0
TtURgtJYFjFfh8V1.jpg,0
Tum6kTfd9nZHwF19.jpg,0
TuyqUSQlFpEbluFx.jpg,1
TvHMMX2JsgS0iNwP.jpg,0
TwOoLbzknDsdsoSw.jpg,0
TwzXki4kLt2RXJHW.jpg,0
TyAAbxkeyMsRaInb.jpg,0
U0BkHGKXa3VEcsct.jpg,0
U0SpeW9HpJeskqN6.jpg,0
U0cg0f56P1BRdYXM.jpg,1
U0lFH2yHb9lVxlm5.jpg,1
U0qn2Sp0u3oYWwOa.jpg,0
U1C6ZcHfNjoEr2WK.jpg,0
U1dni2LyfNKapCsy.jpg,1
U2S6Jxmd14EIRY4B.jpg,0
U3Kn1UJwHw4E3vW8.jpg,1
U3cwRhQARGgJyKdq.jpg,0
U47Ta3XHebYejxbM.jpg,0
U4BgJg6hDVres766.jpg,0
U4s6TEVrWOVVwQTd.jpg,1
U5IHTGdEqzwSwdUK.jpg,0
U5UhyAXKs1QwHOj8.jpg,0
U65MjUqEQmentv8D.jpg,0
U6BA1hIsBeQNwxfd.jpg,0
U6JqKmzdTKTMpS4L.jpg,1
U781KdVIil4TT1Gi.jpg,0
U8hTlC9x7C4N1JZi.jpg,1
U9GumLl72MDQ2W2v.jpg,0
U9OmkvpJmrdw1WTv.jpg,0
U9WfCcaaBMPEwGjH.jpg,0
U9u1HrRUkrIgpRtA.jpg,1
UAD9stVjwK6rhWkW.jpg,0
UARnoJzp11HjRBB3.jpg,0
UBZ1nWpEdQ8f9vho.jpg,0
UBetM2fyX4aDbhIA.jpg,1
UBlDWvDzhHkDOafu.jpg,0
UBsTLAjsY7yoSgRn.jpg,0
UBt1ajy44IKwK03o.jpg,1
UCDTfz9TF5Q4N753.jpg,0
UCZuoAopPqfOUJ8j.jpg,1
UCi013HOhwkw3Rqy.jpg,0
UCvbHT4bKVwsf9PI.jpg,0
UD4OSJSGYiZAojPO.jpg,0
UDHrIiq0rK4NPMvz.jpg,0
UDng15VB7TWcnhF3.jpg,0
UEAvgtSflRi70853.jpg,0
UELNVlLnoINaLUcD.jpg,1
UEVoUpacRUdpN1iJ.jpg,1
UEevX011mnLqjNtX.jpg,0
UFnWI27baofuIwAQ.jpg,0
UGsBQW35qnQwrVQN.jpg,0
UH3vx6Q8Bp6gIOcs.jpg,0
UHJrdEioZyLkUBWU.jpg,0
UHgJGUvWKqnqGLJP.jpg,0
UIeoDlIB2TbcoMfh.jpg,0
UIiPAGUKCAM2H6sG.jpg,1
UJAAh4QN6wikxj6j.jpg,1
UJSeIUrcyIxRpSXl.jpg,0
UJtLPKa79NECCYN0.jpg,1
UK7WA7gyXBjEODsb.jpg,1
ULOJJzslpN44BZ7u.jpg,0
UMcGL1Fmvo7GPQ0v.jpg,0
UMnVbZTQurzLN64Z.jpg,0
UMzCL5EOZYjiQ1Zq.jpg,0
UN80u3WFkN5Ftj1r.jpg,1
UNpvPht05cftr7yi.jpg,0
UOCOiow6GAh3JOAk.jpg,0
UPyLvs7RinZ8RiW3.jpg,1
URmmxW3jUYJdMHoT.jpg,0
USLoyup7o53xQlAk.jpg,1
USSnITlCP3KkcPST.jpg,1
USvALzsfZkpTIwgM.jpg,0
UTTaT69yn6n0hglV.jpg,0
UTVky2joRiK03s0m.jpg,1
UU6yyrL3ckpmD8hw.jpg,0
UUx3boHrKnypWrVf.jpg,1
UWTOlz4jYUJkZfnW.jpg,0
UX9MaDvpLhJ3oeRU.jpg,1
UXQDR5MaEltEW8WP.jpg,0
UXik1SvZhz9FY2NJ.jpg,1
UXnHin14BQxBCysO.jpg,0
UZAhW5ttgIkIMVpn.jpg,0
UZJczcVmcmQKGVR1.jpg,1
UZZHBt40INRWNcij.jpg,1
UZgTtzPTkZ1coGdz.jpg,1
UZyCff6QGAGON15I.jpg,0
UadfRykjOvmr4fZO.jpg,0
UalVA0gWmepU3KGK.jpg,1
UasZEXnSACnSrPrl.jpg,0
Ubp5zpJmQZd4nrrS.jpg,0
UdvgADLgLrtsBSZT.jpg,0
Ue4MAFr2cMBVzumc.jpg,0
UeLIdtO8aExqyXKd.jpg,1
UhmLvIep5oD9JwWy.jpg,0
Ui0aOCruV1lkA5Sw.jpg,1
Ui7pD3FiCeQyn8JK.jpg,0
Uj21O3iU9jkz1UZC.jpg,1
UjDTM0YKFQBQse1N.jpg,0
UkRBbkqBk1WV3xd1.jpg,1
UlSHT0FGx0olKhxO.jpg,1
UliVRpL9BOhUM3op.jpg,1
UmHKlo5WPGycQcf0.jpg,0
UmXM3boQbFmL8KgC.jpg,1
UmZgqo9Jr28v8cIT.jpg,1
UnAkKwVW36XqTVUT.jpg,1
UnL9JKoDzJPS2zQx.jpg,0
UnezkTd66nx4jrMH.jpg,1
UnrEo7znMiGJBN6O.jpg,0
UoShjFQH5seGQGPs.jpg,1
UqXiVtKbXmwQHgHq.jpg,0
UtwmNVgcXxzbpPzc.jpg,0
Uu1Wv5lTGAP5CQRm.jpg,1
Uv4ItRDPE8kg7Wwf.jpg,0
UvE8n8NnKD3wPykc.jpg,0
UvYKMxuxAnFLK9N5.jpg,0
UwAzgSjSioHH2r6X.jpg,0
UwjChvoPfyjMQp72.jpg,0
UxlLrS8KnA4MIBoT.jpg,1
Uy8ppdl9qJCpf7Hh.jpg,0
UyXBwqkiqPLWATTl.jpg,0
Uz2LxTT5kwkqcSLw.jpg,0
UzQSQTolj6rmtmZV.jpg,0
UzkcMxSgQgY88fOS.jpg,1
V0x3i41vZUqJ1z5r.jpg,1
V1BSkXIpzzldsXZl.jpg,0
V1WIJxzYMMdDFj1N.jpg,0
V3Peiqx3qxyb1ofL.jpg,1
V48yBTMrITgKuzTv.jpg,1
V4e9qVV61D75Dkyo.jpg,0
V4iyvVfmlINBSRyL.jpg,1
V4onVY0t1ZMRpEOq.jpg,0
V5GGTSk7UafFQt9y.jpg,1
V5N6tRveQGxQAJwH.jpg,0
V5YHiJf28AWZUQtw.jpg,0
V6Aj6oKqnNTryJAi.jpg,0
V6EOokjJjME7eW5H.jpg,1
V6pu0r44d1SpiTK3.jpg,1
V88xXVQGeMHK8wRa.jpg,1
V8JZHrEkeuT2aA79.jpg,0
V9CO2ATEQJgYAarI.jpg,0
V9W6Qi2KNjLMGpnk.jpg,0
VAQOsB4DTypip6cH.jpg,0
VBtPY610Myv9NIIY.jpg,0
VDEhoky1tXQe9pFD.jpg,1
VDSHBUG3qSUJgDTw.jpg,0
VDXGbdPuVdPhzLjf.jpg,0
VDgyV24ydFbPw1KC.jpg,0
VE1b3pmqiLK4P0x6.jpg,1
VFKi8fuE658fz9Lm.jpg,0
VFxtxKi97EKibj7l.jpg,1
VGV6To79qtQAjZu7.jpg,0
VHeA2ltyZmFHwKSW.jpg,1
VHv889tczNvZCVuE.jpg,0
VITtKEiptzixQ9Kt.jpg,0
VIv3sToPt1E0ydwS.jpg,0
VIzzmwQFS3yZRWIm.jpg,1
VJHMEz9oIZsTgGSz.jpg,0
VJnEZ5Dczapvgom7.jpg,1
VKGoNT2zdHZsNDNQ.jpg,0
VLxLHSFIh1XNv8EZ.jpg,0
VMXhxHSMrnW4258K.jpg,1
VMbTBtenVnAdmvsE.jpg,1
VN9k7R2Iet3wNEDO.jpg,0
VNd3RrxwfJtEvoNC.jpg,1
VOPTRgP9oXCEnx9u.jpg,0
VPNZPyUPWC9moTZe.jpg,0
VR1jHi8ouojY3sFT.jpg,0
VTSOC2QOiPA9390K.jpg,1
VTW26vCV7jlxiQRA.jpg,0
VWweBOxH10eUSS7S.jpg,0
VZYnviOcadpEcdpJ.jpg,1
VZlWRWP7F2FkQU3d.jpg,0
Va2CahJZ9pjYU5Ri.jpg,1
VaUzKRCAlb104IJ0.jpg,1
VacmxtHWduPywcRA.jpg,1
VbAifsc531UcId8I.jpg,1
VcLjhHynt3TXR9aE.jpg,0
Vf7aGuDkDg10Xin5.jpg,0
VgTGyVT48ZHtbWuR.jpg,1
VhDf3QLkffJdQfFH.jpg,0
VhOQccUGnKhVLSiD.jpg,0
VhceXocAq8zyUTaj.jpg,0
Vhj1F9YNkZqSrQVt.jpg,0
ViIGjp4Udz3t1UeP.jpg,0
VizkY6Z4HxQUb68e.jpg,0
VjF32VSPraUfWtqP.jpg,0
VjsMH8YK4U7yPyBJ.jpg,0
Vk8hEed7M3KrIxAF.jpg,0
VkBsydZDKmiUdD0G.jpg,0
Vm5Pkb0EfIsgS1Kz.jpg,0
VmWo0fIVdDm6vvaQ.jpg,0
VntpdaWlSWNiK24Y.jpg,1
VplmESLoa6CSqJcB.jpg,0
VqoN4lExlRKWuOeh.jpg,0
VsWUG3avkX1cCJOT.jpg,0
Vsjb5J1hd3N8Oer5.jpg,1
Vt5G7DOCmvsEEKZO.jpg,0
Vtl99ebfvc58hT8q.jpg,0
VtuT2uumhHxxmNan.jpg,0
VtycjleIjTIxUD2c.jpg,0
VunaoUj9DgbaLosM.jpg,0
VvfnKSKE3zGCb1Yu.jpg,1
Vz9wGoJh0mPuqdhx.jpg,1
VznqjGofzqqFBTs3.jpg,0
Vztr0gQ6KzISUi9o.jpg,0
W0GDWJpwBVKZvYQ7.jpg,1
W0R0s4tx0pzBaYdL.jpg,1
W0p6yfKGKsiblaM0.jpg,0
W0t3md48S2s9kCol.jpg,0
W12pp0iwdWk22Rj2.jpg,0
W17zHzuWOGiotou7.jpg,0
W1FDzPnLiwuJGPW8.jpg,1
W1Jcg9qFCr7wgrc5.jpg,1
W1TcJEdAjNLdpyRU.jpg,0
W1gKKD72sCVlGsqG.jpg,1
W1nZHybIsvZrqBEx.jpg,1
W24VczrS9qKGkv8S.jpg,0
W2OFx74ibPQszWSv.jpg,0
W2UnbzY7PMVGIEYk.jpg,0
W369DQ5MSaAuRAci.jpg,1
W4NTLGrte83gu5DM.jpg,1
W4ie4cgX8eHRSjUP.jpg,0
W4v0FyZCAgIm815C.jpg,1
W5Rx601c9HtoI3W9.jpg,1
W5YvxXKK2sZnmqpS.jpg,0
W5anfFM9awNteRPc.jpg,0
W67Nb6jVCv31qEWn.jpg,0
W69oJa3TGCPr2kDX.jpg,0
W76ZvFILURHhUks3.jpg,1
W7Hwnc92H5brvafG.jpg,1
W7LQFBXRGsacCQPM.jpg,0
W82xW0Z1sEEIVMuq.jpg,0
W9VhsgKBV5YfEtNE.jpg,0
WAsIjx2LsD3jqKwt.jpg,1
WBOuX1bSoVbquyAs.jpg,0
WBWVXX4vYMIbuPQB.jpg,1
WBnTAOzDm9FgdEKY.jpg,1
WCxWsAO1936R4Xm9.jpg,0
WDHfVyuZefBrEUTh.jpg,1
WDhXyc7G2UTVCop9.jpg,0
WFc3Jn4lTUI9NWdF.jpg,0
WH8UeKtOAqSUapy3.jpg,0
WHNNqoa6mdKbQePZ.jpg,1
WIDlJsscwbDIKD2e.jpg,1
WIh8W4ftkmdgCSOp.jpg,0
WIjWM93EXQ8vQTTr.jpg,1
WJAMcv0w7OlnbEYX.jpg,0
WJPib9vlTue1O0zg.jpg,0
WJTt3uXZEwVZnspJ.jpg,0
WKksYrlWJjKdLskV.jpg,0
WLWo1gzIMEel92Uz.jpg,0
WMdsD1AKOnUQ6eFQ.jpg,0
WNI0682sWcglECLq.jpg,0
WNq715nJzW37pzu8.jpg,0
WOXaBqHstvYppVzJ.jpg,0
WQeE4w8ZGdisZauX.jpg,0
WRKqqA2l1Kwct0zo.jpg,1
WVymt6NtWFC03Mli.jpg,1
WXWYDf7lRu2dHfxV.jpg,0
WXaMWLdEXR46AWeR.jpg,0
WY5fZbx7vb3mZkg9.jpg,0
WYEnN1YGEoJPf3cg.jpg,0
WYOOeujHM43x038g.jpg,1
WYRDpC7139qxjefA.jpg,0
WZK9sOasYeuuqN56.jpg,0
Wa4yK6Npmjb00ZjD.jpg,1
WaHXNOVakBES4LTA.jpg,1
WaJgsyYq8ONZPu0h.jpg,0
WaYRsD0tvAWWHECp.jpg,0
WbjGWLLlm6YBnJcy.jpg,0
WbxHeFKrDFVXAzFU.jpg,0
WcBKSm3Lnlcupa7U.jpg,0
WcJcGbbhoZ6Osyx0.jpg,1
WdsP9hCUzljBVBxM.jpg,0
WfayV7cdbkCYJWRz.jpg,0
WgZRJy2y5SL5HVRH.jpg,0
WhbPNbHNaxn3Iydx.jpg,0
WhrPWUXMMBSg6MGq.jpg,1
WiEIT0b0BeDSr4v7.jpg,0
WiLJBu4sSvlFiF5N.jpg,1
Wk3iPsGLxSJObwB9.jpg,0
WlzLn1Lbhyfiv3is.jpg,0
WnX8ERNoIB0O1AdE.jpg,0
Wng99400XrwztAQD.jpg,0
WovPuLqxQomjtCdX.jpg,0
Wp1HpC5X3I9XQ2XA.jpg,1
WqIJdMQ4DElUArbV.jpg,0
WqOoSdYe9YKwAvjC.jpg,1
WrHRzdqdBr4fIWVo.jpg,0
WrVkQehLcYfC8heI.jpg,1
Ws29XDZNvkBf5q8w.jpg,0
WsSNSMqLlE0JVn7N.jpg,0
Wt87fVPYeod3jQJh.jpg,0
WtkBx8VZiymDmDor.jpg,1
WuQP0zJVbFH0qj52.jpg,0
WvO5cGNTL2vU87Hm.jpg,1
WxeYyDtesicC8aYN.jpg,0
WxlArT8X7OFT1isV.jpg,0
WyxqAjZ01ZHgmhiI.jpg,0
WzBAu4ViZLMJrAVh.jpg,1
X118z2MM1q7F5wVF.jpg,1
X1dG7INkJLEHiREH.jpg,1
X1s7JCBZQo5Sv4nJ.jpg,0
X2A7enBHSTbEI5tK.jpg,0
X2QI347pinZ3b7os.jpg,0
X2T2Y1fZ6wW8XGs7.jpg,1
X4eL9zDRlEcKWSW8.jpg,0
X4mAPYdnvYb9kGm8.jpg,0
X5VfaJZdR4Emp6aa.jpg,0
X5erTS9C9g6ttypb.jpg,1
X5q3gowUxGvHtggO.jpg,1
X5r0AGaINkXpa4HS.jpg,0
X65ZMET1b9wC7u8f.jpg,0
X6A2Jm0v9sRhtkh9.jpg,0
X6WFGNFdhgPVesBd.jpg,0
X6suXyvxeKOkl5q9.jpg,0
X780qNoupM7nMDzE.jpg,0
X7HBmo50at09VNwJ.jpg,0
X86I6phsMSzaBUT4.jpg,0
XAtDJZA1Q0tAAvQY.jpg,0
XBhRyMbILGjZplSC.jpg,1
XDa1XnMnRdewpLts.jpg,1
XEO1BlWFejxQLzWI.jpg,1
XER6duu0lluC0DjJ.jpg,0
XEwvc6Ljqhf0JEyO.jpg,0
XGsXkihUjWCZy0lx.jpg,0
XHOMAn0xbwTRoF8a.jpg,0
XI6BSf1MfMoeOkBI.jpg,0
XJo8c6dgCl1pgqn0.jpg,0
XKBrGLzbhxyzGBU7.jpg,1
XKKM41avqtu9vGAe.jpg,0
XPJ7WUrkEjDBxoc8.jpg,0
XPk99KGQGuGcWLCs.jpg,0
XPrNtsBktc0SS0gi.jpg,0
XPyOuAqr1QAqPu4z.jpg,1
XQk5IKEzCGU7fA2z.jpg,1
XRYB9v4S6emT064U.jpg,0
XRhAsq91ix8ggGZ2.jpg,0
XS0UiOxZwpY2OQlw.jpg,0
XSzhjjybRcc6n8Po.jpg,0
XTiAIt5nbWEYSgfa.jpg,0
XTvOKwodtNBwAbgm.jpg,0
XTyRS9IKXuLJx9Ce.jpg,0
XUfUkttrY1OyeeO1.jpg,0
XV9fkJ78NZ62qdhx.jpg,0
XXlqUMoBmEwsoeLP.jpg,1
XXzO2AS0uy8CfcaB.jpg,1
XYC9Z920kQlGcPvM.jpg,0
Xamdy1J0UAwocgDP.jpg,0
XbauHksrt7mIWvjY.jpg,0
XbiqZs8jNd6arLEr.jpg,0
XboHwwneW0mFUSXv.jpg,1
XcKfB32Zg84vwhSD.jpg,1
XcMAtyfKg77gISsg.jpg,1
Xdm0RAd18hhaz9LD.jpg,0
XeDZglxIwO0zX78L.jpg,0
XeI6iuQIAcqrDxPw.jpg,0
XeTGJt0dnJs0NgWF.jpg,0
XfJbkc2jK6pEChGx.jpg,1
XfREj2jFBJMiKWej.jpg,0
Xg0dJ62bZCo5B6OC.jpg,1
Xg55BD4zfuQgRpYa.jpg,0
Xh6RKZodSbIsGoy8.jpg,0
XhDzWjf3txD8I8Ub.jpg,0
XjFn7g50qMHLN2yi.jpg,0
Xjfxvv83YYAN4arz.jpg,0
XjpVOD7LMy8nI9W6.jpg,0
Xlfyyj9WenwORV9e.jpg,0
Xm0AQmp8gixN6W6x.jpg,0
XmNobTv12n1kgAfB.jpg,0
Xmr4mJysyRxFBFJY.jpg,0
XnpQetPhIEaUoX3E.jpg,1
Xp3EOaTu7TNUfsTO.jpg,0
XqJPY5Rm5okF7uDI.jpg,0
Xr2aH8B7IByIJHOt.jpg,0
XrXrsrVpXrMsgev3.jpg,0
Xs2daB5Ue5ixk50J.jpg,1
XsGVpK0nvxKfwlLD.jpg,0
Xsj4hrJgUsdbfVH8.jpg,0
XtMOdsKmXuHu6UhZ.jpg,0
XtfzVlg0kEtBxpBG.jpg,0
XucfpQHmpXNrvxYc.jpg,0
Xv536aU53ZTLxgKl.jpg,1
XwOxxGZsmbOJTCv1.jpg,0
XxBzkeWPHnTvm0ee.jpg,0
XxQQQWPF29JIwQI4.jpg,1
Y0ZpAwh9ccGO6lv7.jpg,0
Y1mydjpNXsN2DwLE.jpg,1
Y2GxQGJ1gSMKmmie.jpg,0
Y2fRAOdv9lA5Jf60.jpg,0
Y2r2i7yucCDUhmiX.jpg,0
Y2wbeYAmFmRNtWlZ.jpg,1
Y46GvIr3zDpHqETS.jpg,0
Y5Bn575pWXhjbCRZ.jpg,1
Y5D4EpNCdO0Ou4ef.jpg,0
Y5tkD91lOJLjGEWP.jpg,0
Y6cSgKms5XcKUtXO.jpg,0
Y7Sn6HNmGdFecbmu.jpg,0
Y7VrsXwWCdq1XzuM.jpg,0
Y8ZsJyHLYRrkoG5o.jpg,1
Y9fgyNv70FNC43g5.jpg,1
YA3NgNOrNNnnDcHH.jpg,0
YA9lvAqjjRZKNudl.jpg,0
YBGaRSxhIaxY6ssE.jpg,0
YBJyHH02AkLyOJz6.jpg,0
YBTb7flfY1FCoRey.jpg,0
YCbJdH2PQvGaPmDJ.jpg,0
YCwjA3odUbVXAVRh.jpg,1
YD1qpEbxfX29FpVr.jpg,1
YDQy55RGA2enfKNw.jpg,1
YDRkZFa4w9XddO66.jpg,0
YEA2V9YPy9mUVfbn.jpg,1
YEEVzwMo84TbquuI.jpg,0
YEKMcY90WRnaRYUR.jpg,0
YFLi1diZTqkkHSJ7.jpg,0
YHEOlloR1jy4BQ29.jpg,1
YHHo6hijkPCeyas9.jpg,0
YIZOHXMesov0G2Os.jpg,0
YImDGXiqKuvQypTQ.jpg,0
YJFSYLSLL5fV1w0I.jpg,0
YJdSGbMsc3l8pcRe.jpg,1
YJv7WRKCyMnnqApf.jpg,0
YKp8nv8x6dnoLNpW.jpg,0
YKq6bgAcoxO32uKF.jpg,1
YLI4pTBTMIWF8VT3.jpg,0
YLgdMhcsLqxsF6il.jpg,0
YMGjlA4y1fhewrS0.jpg,0
YNBtO01e0CGJ0PZQ.jpg,1
YOk2Cfb5Pbk7eke5.jpg,0
YPk0JIYt26HP5nvX.jpg,0
YPvYggtidQBQS7VO.jpg,0
YPzdqpfyEjRZERGp.jpg,0
YQpEptZeZsTP5uOx.jpg,0
YSr7PukUcSwnnf9s.jpg,0
YTcRSxH2RZOE7jzL.jpg,0
YThT2ldwy6CtHPOu.jpg,1
YTnXTSUmioQCoIgH.jpg,0
YV3m0aIS3iU6jPV7.jpg,0
YVG4cDTrtlzAEdTi.jpg,0
YVbCYkHmnZw04Q2s.jpg,1
YW0piFRhKb50SI1K.jpg,0
YXWfrKemiuI2lSAy.jpg,0
YXqHLtsflcU58mIp.jpg,0
YYJZV1X8wzhTLYoY.jpg,0
YYO0NQcFc6cJ5v7D.jpg,0
YYyiS28E5mUJFrwm.jpg,0
YcINZQa4mrcqEGun.jpg,1
Ye6DFsYw0OulTiyf.jpg,0
YeUlHmgORFpsZikB.jpg,0
YebQQ6G9xSLpHtXJ.jpg,1
YehLiSE5Mi1VhMpK.jpg,0
Yfe3kNPGKFAUVAMW.jpg,1
YfeI0OP294gIVwpG.jpg,0
YgWLJG1ot8zgjLqj.jpg,0
YhZHbb7vkz92FvhT.jpg,0
Yi43egg07zJf2W6z.jpg,0
YiHizyIMRdVl1sDZ.jpg,0
YiW7rdyMyrrvmDtx.jpg,0
YimzIpLKTOZlWFzG.jpg,0
YjOR2DawxqxepkAM.jpg,0
YjiQK0C0iYOWAx7m.jpg,1
Yl3SF55TFRbW93ZN.jpg,1
Yl6B3opIq1KKlseL.jpg,0
YlpnATuZ49VtzCxc.jpg,0
Ym1dt4xxFBXvlhm3.jpg,0
YmCKU0WMSWVC7PPa.jpg,0
Yn7MaRFWmRisZmm8.jpg,1
Yo7QmCjbp39SM2tY.jpg,0
YoByxL6qOTY6e6zt.jpg,1
YsXSAAg6PHazS9mu.jpg,1
YtosMMMg6Y7w6cnb.jpg,1
Ytuz20IaOkHtgojY.jpg,1
YuzvyEegTkxNxsIm.jpg,1
YvDtJrXGjbKR3toI.jpg,0
YvxDQdiVY7iA7I8U.jpg,1
YvzYSUcoVhWNUMRJ.jpg,0
Yweqoa2jGnTp8kTw.jpg,0
YwkKcQ0EDPihaBvW.jpg,0
YwtEecQMRxoQN2kN.jpg,1
YxadMAXjhE0mp2F6.jpg,0
Yxm3gLIdUj2Wf3Qi.jpg,0
Yy8P3r5BBqzYcUb8.jpg,0
Yy8txRRrXnmsP856.jpg,1
YzO1eVLskBD3vvxr.jpg,0
YzkycBdr8AqxR6LG.jpg,0
YzwznqUvknNVH7XX.jpg,0
Z0Bww95TpcHmlyOb.jpg,1
Z118MAQqF9R8x6Nx.jpg,0
Z1pxFPJ4dt8pzFg2.jpg,0
Z3BHA0kVPojQQPiI.jpg,0
Z5HG1SmtT4hO0S2S.jpg,0
Z5OgclVeyjhw9zV6.jpg,0
Z6YLIfl39tDhUapA.jpg,1
Z98KecpTAvsNitND.jpg,0
Z9Sd4y10P9agZ9jC.jpg,0
Z9SiHi5tfXRWsLT9.jpg,0
ZBf11fJ9Y6PZhxye.jpg,1
ZCN2ccE2obrvm85C.jpg,1
ZCVCEopjcydWV2yO.jpg,1
ZD1odulHojEHEQsp.jpg,0
ZDFnj2ptkPKwSJeC.jpg,0
ZET5PZxBgag9HqGe.jpg,1
ZFEVP8APm2dzPcT7.jpg,1
ZFW3H9ROted7HyfM.jpg,0
ZGBSVvjYaDrBKCMI.jpg,1
ZGGNUoKzD1BxKfb8.jpg,0
ZIPzDK8Eyev6rb9k.jpg,1
ZIydv52yn1M34Ssb.jpg,0
ZJIWJubHTlgTaTKa.jpg,0
ZKczEhbgmZ6NAAIc.jpg,1
ZKu5IYynnNNjeCh8.jpg,1
ZMkpeHh8XhraOwH2.jpg,1
ZNyG4wO1U6wh4KeX.jpg,0
ZORLIeKooeIZfu9B.jpg,0
ZOhiYwiPnCR0szGt.jpg,1
ZPu9ttbSVKYgbvK3.jpg,0
ZPvOuhclyzOCn37V.jpg,1
ZQkNmeSq2rSAxrxc.jpg,0
ZR3D9AGRNQiwdgu0.jpg,0
ZRSYsdBvabqvYTKA.jpg,0
ZU0hlWWSjkHcuvAx.jpg,0
ZU1SSzuIWOG46jC6.jpg,1
ZUQTVxiMf2EhLjae.jpg,0
ZUdc1Z56ETTsI4HV.jpg,0
ZUmZ7VtdiIB2Oi5P.jpg,1
ZVD9DgwEbMOz83Xh.jpg,0
ZWlDOtJq1QhhZLe6.jpg,0
ZWpUsME5TppQyPXs.jpg,1
ZXVZFdgnUqPMkjtQ.jpg,1
ZZ558Zm0daiYUP0p.jpg,0
ZZldtR1zxzj3rsKl.jpg,0
ZZno1nT0r70Vj1KF.jpg,1
ZaUMwl4uqHYXkinl.jpg,0
ZbC7EknlpPskyU87.jpg,0
ZbNDKp4HJ3Dlvfx1.jpg,0
Zbc5MC5Gp5rmatdf.jpg,0
ZbrMnXCLGVmw7TE4.jpg,1
ZeQN4ib36545ZRJ2.jpg,0
ZgCqNqyOJgVKxVFf.jpg,0
ZgDPVDOikUxiNbc2.jpg,1
ZgnEx76bjOO5fdwK.jpg,0
ZhrlrtqvCTAksJpp.jpg,0
Zi3yxBAXWYChaVhX.jpg,0
ZjSztX662OYpmd8m.jpg,0
ZjWk41LaTMuQEMyj.jpg,1
ZjbeU4uCEaLfQouj.jpg,0
Zkf1nHINmvKJP7k7.jpg,0
ZlpdLbdxnbCrzP90.jpg,1
ZmSJXFJVgZXPU6Qx.jpg,1
Zmkx3VrRuzM5cqkU.jpg,0
ZmyeVGCEXuwz4kDd.jpg,0
ZnKUrA3LIKlQkbse.jpg,1
ZnpBNUpt3wMnNyhE.jpg,0
ZnvtY8FCfdaWcTFk.jpg,0
ZoXOXBtfyTYPnUXi.jpg,1
Zp7H7gIzKf6SX6jy.jpg,0
ZpuqqU0nNL07xlgV.jpg,0
ZqeLL4b2dCHzl2xJ.jpg,0
ZqrmZBRhF9f3rJQy.jpg,0
ZrCXa354ost3PXLl.jpg,0
ZrjiJjPftvqngXKX.jpg,0
ZrskxC9xqPXIxkLJ.jpg,0
ZrxVWutdva1oPPf6.jpg,1
Zs60yM9EMWmIT175.jpg,1
ZsOCpZjOCBGXTLME.jpg,0
Ztd1BKs1ZrpiGInm.jpg,0
ZvVkJKURLEo7O72f.jpg,0
Zwmqyb8Uji0CyFjN.jpg,1
ZxBFeKqgNy3FL7nW.jpg,0
ZyK33a8dBe9WMcEk.jpg,1
ZzM1zwOEqGpUe0qj.jpg,1
a12jBhqzhCXxUMrz.jpg,0
a1HDQMqvGK18gLLZ.jpg,1
a3ATNNH48bQSab6l.jpg,0
a3EcLOW5f0xbgZqT.jpg,0
a4ndGSfbbeTG8Kky.jpg,0
a53s5f7D5hEki1GU.jpg,0
a5cOGQswDf2CotqD.jpg,0
a5qY24Sbd2Mmhs5Q.jpg,0
a6OAfWPmYGLzfDDx.jpg,0
a6Uu3fXiGxO19cac.jpg,1
a7itxCdnHwvcEPsK.jpg,0
a8qKWlFTSnMCWQbp.jpg,1
a9QsIPQi1mIPjW3J.jpg,0
a9VWE6LKPwTAeshv.jpg,0
a9VZ557pnOxAueA7.jpg,0
aBJWQEvx7L4cvE2r.jpg,1
aBeru3X9GbfV0ovj.jpg,0
aBuWXKxWnH4h6U9Y.jpg,0
aCOutxUf4iaPmeK3.jpg,0
aCzZlji2sAIWwRt2.jpg,0
aEVkrSJsPuljJUPL.jpg,0
aFvaCY6uMJlxYniC.jpg,0
aGoCPAbZ2pyYHzaA.jpg,1
aH150wD1SedqA6gd.jpg,0
aIV6wwseLzLwP0xY.jpg,1
aIWQ3hVU07eabL5p.jpg,1
aIZgd6falXKOXyqt.jpg,0
aJCmZWCfnKs9xi8H.jpg,1
aJnjYb1oY3IH1r1D.jpg,1
aJu8qH9KSUvk9Eec.jpg,1
aJzdX73eTjUNIti8.jpg,1
aLYYFVFD4TlP3fty.jpg,1
aLeZz98qvorPylyP.jpg,0
aMBH5fnRfnk2nfx4.jpg,0
aN7NBORYgoUNTM6W.jpg,1
aNeritbTBYTJgDJk.jpg,1
aOebsHPWwK7v3xyh.jpg,0
aP9sgXEOJRhiSt2S.jpg,1
aPA76Vy21d3rW2zB.jpg,0
aPAevSew4bKW0fpB.jpg,0
aPFYPJbqCnqsDyqB.jpg,0
aQ5gFzIo4ryATkfm.jpg,1
aQ8r2nFXswtOr6nv.jpg,0
aQJ1axBc5uUHO5LI.jpg,1
aQbeAlKwUIDOlLF7.jpg,1
aRQdIrtsFQgQyq4b.jpg,1
aU8Nc9QRyXTNAGhN.jpg,0
aVUZ68fIF4MUkGIV.jpg,0
aWRWpJlFJld7GNWb.jpg,1
aYRjOR3ADzKVrktn.jpg,1
aaYuUOnoK4LrA0hc.jpg,0
aabLYlq1eWtP7zXb.jpg,1
adRveBTsIhyQceG8.jpg,1
adfIHaMxGtHWZGJd.jpg,0
ae315uU6YBCTWmrn.jpg,0
aeGH9masxaPkvlzV.jpg,0
af2EU6gxAAW4S409.jpg,1
ag1pIUhsENmI8Y0C.jpg,0
ahFw1a8Ozhx5ZOky.jpg,0
aj3Lx07xCULHiTuj.jpg,0
ajqgLqTmVeWFsaNo.jpg,0
akRXJrWnvfSSlkLn.jpg,0
akVxNRdZTzJqddVi.jpg,0
akl93H5MRL7UQg2b.jpg,0
alIZY5fvNTPT0nWh.jpg,0
am0QZrpalKhfXmYj.jpg,0
amu7fwCuODLDRdvY.jpg,0
anvAENmu2wVPOBmF.jpg,0
ao3B13likyFHU6Cr.jpg,0
aqd2MBkZg9I9m0Is.jpg,0
as6qeRAHa8QCfQGh.jpg,1
asFut6zmFggDND8z.jpg,0
asuWMFyrE9cbtPFM.jpg,0
at4mmZnWcsaYgpty.jpg,0
at9Bip4VQT8F4b1W.jpg,0
au4xa9bfouweQSwZ.jpg,0
auqQLAfdeJk7ytTx.jpg,0
avW7RzztgBp97eKA.jpg,0
avtkX91OW1mr026f.jpg,0
awiiIEGtJKtC8k5Z.jpg,0
axYVQkekKGjaa1z0.jpg,0
axeABA50UKTYdFIY.jpg,0
ayU0EgH2MhzXa2Tb.jpg,0
ayicQsa8bous8pur.jpg,0
ayn4zOYyGywftq7I.jpg,0
ayyuM26PU5MUIn2p.jpg,0
azDNo0zzrUgcwgam.jpg,1
b02OdpVeWpMTl4gV.jpg,0
b0m7fNn9hZMEImIb.jpg,0
b0wpcCXzdQ86kD6W.jpg,0
b1Qv96jbA01rraDr.jpg,0
b1U9QbQHX3Rg9mTD.jpg,1
b1Xhq1aQL77ebqab.jpg,1
b1hOLEWyhgusf6Y1.jpg,0
b37SfmAvt1J2dkBL.jpg,0
b37aKmvyOocws6HQ.jpg,0
b39dMTQw0frA6CrS.jpg,0
b39rStKMzblXzIbu.jpg,0
b3G3mZbWo7IboApg.jpg,1
b4EG41s9AGdKfHmF.jpg,1
b4iyOKw9YHiJzBMJ.jpg,0
b53SQJKOphwmRSKY.jpg,0
b5nIsMB0OUmnwvgW.jpg,0
b6IdBwyyVCmawpyn.jpg,0
b6VN5KwpoPK3Kq4W.jpg,0
b961GeRa2AmPOjFw.jpg,1
bAB4RXhM8ADwap3k.jpg,1
bAksklxXlod9XBO3.jpg,0
bBBBvKCEuzCbAKTc.jpg,1
bBCUh1zV6APKYzmy.jpg,0
bBz6FEiIddsVZXRZ.jpg,1
bCFgw3dvig5fjTes.jpg,0
bCUww52mDbXAu80j.jpg,0
bDWgj8zAIkejokwr.jpg,0
bDzksALmM4JiHghw.jpg,0
bEEiXitCbExW7uRV.jpg,0
bEHvhtnQPr7LaKtV.jpg,0
bESSthjfkCfWYpRs.jpg,1
bEm6fwWGJXfjBXsT.jpg,0
bF8wp4TvbQUsTPOH.jpg,0
bFBQlF3JuItGGAAI.jpg,1
bFWoCMqjdLjwiry5.jpg,0
bGtuEdgpe7NuknnA.jpg,0
bHDUA0dfoZms28RL.jpg,0
bHRValGMi8Uuki5F.jpg,1
bHSlRMYx4IxyJK7S.jpg,0
bIE1upYgiAawKT4o.jpg,0
bIeHitWOJAtSoGIX.jpg,0
bJN0Rf591lr7XXVw.jpg,1
bJR5KkfcfLmJnkjH.jpg,0
bJhVPwidovbjzqVJ.jpg,0
bJvpbRV8xLlj4Mnr.jpg,0
bLZW2tArwiyfxJ6j.jpg,1
bLriSjqv9rWB8iux.jpg,0
bNqtAb1VovMioIJM.jpg,1
bPs0cnxb7GTU76Jn.jpg,1
bQY7Kn7PwUwjGS2C.jpg,0
bRQcbbHr6whXWspb.jpg,0
bRy93o2tmNv8axTG.jpg,1
bSSH0oHBSG5tvP5Z.jpg,0
bSuDFM3IsFRaj4bo.jpg,0
bTMyst45LADsW2GM.jpg,0
bTXgPqNcDAApNIV2.jpg,0
bTx86mUrvosw6AOn.jpg,0
bUHlCsWYIMwnIrqh.jpg,0
bUQEy4gVXwNUllyG.jpg,0
bUbEs55GmrMaIPSC.jpg,0
bVC7vnNOZ7rbWwnF.jpg,0
bVE75N8Zs1HDQP8I.jpg,0
bVdnAwTQ2iItZVAx.jpg,0
bVm4pbCiZ5fnnDdr.jpg,0
bW63QdqBUBZZy0ZG.jpg,1
bWOk7IDuAGlDaorE.jpg,1
bXig2peX6QA3fdjZ.jpg,0
bY952V87wvJUylez.jpg,1
bYLw5vBiW6orM1bp.jpg,1
bZ1Wl23BfbWeFtu2.jpg,0
bZQycF2Ze2PTY78M.jpg,0
bacVMYDSXTX0y1Va.jpg,0
bbkPzQ6uttocCdta.jpg,0
bbmqpRh5SGcamsJH.jpg,0
bcOku0joqB88h0Bq.jpg,0
bcmywdHTCoIF1VXh.jpg,1
bdUloxZU211w9nfg.jpg,0
bdvQDK7lUUmAT1xK.jpg,1
beGWACGjmqqFhw9S.jpg,1
bf5AKYBHZDsPps7t.jpg,0
bfjQfJiCJE7JWiDA.jpg,0
bgMHYsT1ycVMIqqS.jpg,0
bhA3N2xXuemvr46v.jpg,0
biCGsZIymbxQz4GY.jpg,0
bifs0zsduzChehMe.jpg,0
bkSOwV8lfqDIFOw8.jpg,0
blEeYo0xI0cOjzkH.jpg,0
bltarlQLiJjqfNlh.jpg,0
bmd5QMBWvrCREpbw.jpg,0
bmi7ty9mjHRVGE23.jpg,0
bmk7D3kn2ro30nEb.jpg,0
bnbcrZyACV10zVOt.jpg,0
bnmD8EoGk53hebeW.jpg,0
bo1rzn8bhBHvErti.jpg,1
boVeUACJJmA72NVd.jpg,0
bpxFtTNeR3grOYEl.jpg,0
bqd9aJPGuR7TGOJN.jpg,0
brrlmlb9ydPySeZL.jpg,0
brzEmXDRJ5X81SNG.jpg,0
bt0HoCTUpagXcZx5.jpg,0
buiH9qRlbGWpgy64.jpg,1
buyswBD86BpTzN9s.jpg,1
bvEy9n9VGvbXuMHy.jpg,0
bvFnJmJZ9Cd1xg7U.jpg,1
bvXNIEzjNGxL5Tsc.jpg,0
bx6MO3RkwgATPfSx.jpg,0
bxlGUMn9eKMcexrz.jpg,1
bxzaFguY3jczhO8k.jpg,1
by3rFDi6jtqFEXiB.jpg,0
bz66dJz33rANDfJO.jpg,0
bzgolQ1k554qxM0v.jpg,0
bzsbyt2DiRbhFodA.jpg,0
c0CaXLDsDy3YHImL.jpg,0
c0NbsNojLs24rvtS.jpg,0
c0PFichZEaJnzgYb.jpg,0
c14Er3gNbpOTE87b.jpg,0
c2HsFBf1aipWBhan.jpg,0
c2kP0mQ8lkhiA0Da.jpg,0
c33EcvpyVkUgX36v.jpg,1
c3SXCrmy142hJaXr.jpg,0
c5WD4RXRxZftOojr.jpg,0
c5uMQdhNDACjv8ka.jpg,0
c5ve1cxLdFkfnYpq.jpg,0
c6EvmHIMToqyo8MY.jpg,1
c7zb9StGPiKjwOEA.jpg,0
c9EsV5E8Ishcl0Ot.jpg,0
cAdsPgOKxFrcITgn.jpg,0
cB9pAXr2k5zrJsSP.jpg,0
cBbvRuDzdawOBd3Y.jpg,0
cBcM4CUBMa0tDds5.jpg,0
cCbLgq3dNYsMF7V4.jpg,0
cCdyRcMBapvPwK4W.jpg,0
cD4YeAmUpx0vgAJn.jpg,1
cDEXD7iTvbMDJC3g.jpg,0
cDf8xWbea3hqRMMD.jpg,0
cEr59NMi6EG9fSk4.jpg,0
cF73iZgv2Q6UegUi.jpg,1
cFhCexpSZh16ENkL.jpg,0
cFu6gO2EBvs8iiOI.jpg,1
cGI8eC88tb30102O.jpg,0
cHR6oNDG6pZvOxxh.jpg,0
cHWY3Cds9kKJMcUO.jpg,0
cHpOc9iL22LzQU4G.jpg,0
cIJXse8C8kNL8Xo3.jpg,1
cIisuXxYM7ZG1FcI.jpg,0
cJS1D6tfD356HQTs.jpg,1
cJj9idLhlabHwiFj.jpg,1
cKD6VQ8rNAbZY78A.jpg,0
cMN2bohuBvUOn20r.jpg,0
cMV44j9eJMmuAdBg.jpg,0
cMossKeow2CMXGt3.jpg,0
cNfs1LdqlVMawc2N.jpg,0
cNkwJT3Wu6n40oIY.jpg,1
cNnxtbDRdenLDWTR.jpg,1
cOm5EinzFVEU4y0u.jpg,1
cOon5caBy56vVCut.jpg,1
cPZ8dTe0GSM7s9jz.jpg,0
cPlNj5Mc2CgTR9v4.jpg,0
cPxBHnHufVYGGEXI.jpg,0
cQ9gQumnEPCYdjhc.jpg,0
cQw5FGvZUUjYNR2F.jpg,0
cRdokbClDxoCWy9T.jpg,0
cT9ukIrL6Cu3CGmJ.jpg,1
cTVsZNyD4Awh1QQC.jpg,0
cTlEa2npoPMD0por.jpg,0
cUM6cQEHkbEzmhIq.jpg,1
cWTC7xObpR3p4bNR.jpg,0
cWYVvAzxqM1MPdzr.jpg,1
cXGKwH8NageAp2pX.jpg,0
cXpZIdhORg7YdI85.jpg,1
cXvpFAA6OxUQAVIz.jpg,0
cZ59Vm6O4hfBqmOL.jpg,1
cZBcnRznoO14xPEB.jpg,1
cZEPe3LItEByErFH.jpg,1
cZF89T0VQc4DBZp2.jpg,0
cZIQYVgSfyhokr71.jpg,1
cZd6a3Y4wWzx6OrD.jpg,1
ccB6rPFTaAbr1fg3.jpg,0
ccLN0NCEsRMWogye.jpg,0
ccQGo9O4JhS7BXBX.jpg,0
ce24UuANIUY6mGGd.jpg,0
ceX96qSUyBaMq0xp.jpg,0
cf9uXWTZDwk0ziZm.jpg,0
cfYtQVpy8kNJVmaF.jpg,0
cftdDWFaN8o17ZeM.jpg,0
ch7pf8OzoFFta791.jpg,0
chSvS41XO2Zgd8rw.jpg,1
ciNhmtU6hhJjz7sH.jpg,0
cibknb7LjxLI3YT6.jpg,1
cj1QnXGnuLeQfwnB.jpg,0
ck8l8iuBKDvmDZ8G.jpg,0
ckNXrJ0AYHh1q8kj.jpg,0
ckzDsS1txFSP5cyV.jpg,0
clpsZoOtZJe5p11c.jpg,1
cmAz8BpzU4JabjEH.jpg,0
cnD5WUDwxc6pvzLB.jpg,0
cnDnWG7qPudW7XKa.jpg,1
cnNNP46M0SUJ1CcH.jpg,0
coXbAYfD2O0XXfpa.jpg,0
cpG9qzDU67txzP9R.jpg,1
cqu5q2rzT4nFqbk1.jpg,0
crdRG08MyUO4ApIu.jpg,0
cspvddkgT14BXM8s.jpg,0
ctFAj6VOrVrbbJqc.jpg,0
ctTVuuMFPPIZI3BZ.jpg,0
cu5ka3lmAoLx37gA.jpg,0
cu7EQvp9UDXrFIgJ.jpg,0
cuLH1bLjsBudfJ2q.jpg,0
cunhsZQhWOc59D42.jpg,0
cv4EsAaVFqbGEAGX.jpg,0
cx5AG22YBg49CJme.jpg,0
cyGteXe0PLtZYywY.jpg,1
cyKRL17bygxTz6Q2.jpg,1
cyruMUOji3JqfcN8.jpg,0
czLIMZeOIx4K0n5e.jpg,0
czSX24qbjbF7BYjU.jpg,0
d00mE9AtxvpAmVQ7.jpg,1
d0aLHjnCml7VuZ7k.jpg,0
d1nBoXXIAXhLwj5w.jpg,0
d205csTqiTgCGFbv.jpg,0
d2fhtAJEWWixzwlg.jpg,0
d2uxnZlwulqLQ19E.jpg,0
d4E1gIjni30YKYOd.jpg,1
d4VbB87ITd7o1x6H.jpg,1
d6aSkJDhys52JhqI.jpg,0
d7p3vjVrSqJLGuHT.jpg,1
d9Zg9BJLVN9hs4nQ.jpg,1
dAH2fv2toXZn7RiZ.jpg,1
dAohw2IXO9Rrk7H0.jpg,0
dAwAYeHl7AOMOX5t.jpg,0
dBZABnuCV4Jd6Q3k.jpg,0
dBgiYlC40HkZoiBf.jpg,1
dCGXirXRA9fDnjpg.jpg,1
dCWufugDBxi6m4OK.jpg,0
dCd2YJEiHCalzYwf.jpg,0
dCj01nXLD2Qyq4im.jpg,0
dDRJ3Dzb8OZRQnUZ.jpg,0
dFX5hZfLcmd4GMGc.jpg,0
dGYOX2kjjCSXXNKw.jpg,0
dGnOoY4bXDG7sDbN.jpg,0
dI4jUlMHMpTlHplY.jpg,0
dIYUyMeAkrfUFqsH.jpg,0
dJz8muqVAmPDOpXv.jpg,0
dLFtmysVfEv2VBpb.jpg,0
dLpuGJBewKuKhTCl.jpg,0
dLyJGcHAgDJM5oYV.jpg,1
dMS4CQJq1o6sfuG1.jpg,1
dMlIHO9SuRImr8fV.jpg,0
dMujp0AmFsslxfNc.jpg,0
dOZ7VWuUCZWq0mno.jpg,0
dOodfDUk6rtKlOLQ.jpg,0
dPaHJ06lAyVUttjl.jpg,1
dPr20CdRvHOZzx2T.jpg,0
dQ0ZL4RDcXsG8vZZ.jpg,0
dQGvquKvNxmfAaD2.jpg,1
dQtCOGmzVGBniPHV.jpg,0
dRd1FkKvtm3JiMO2.jpg,1
dS0JU0qVmLZSumR5.jpg,0
dS8hzcusWijp9OSt.jpg,0
dT73feu48pw5W4Aw.jpg,1
dTvpN64iZx5EhXwi.jpg,1
dUnCkS05x32cqVcR.jpg,1
dWYuvmzN1MQGbZSl.jpg,0
dWqs54CijqKC7lh5.jpg,1
dZUDD4SoUjc3aLjr.jpg,1
dZbrUHwr46HiJKH0.jpg,1
da3peYk6mLh65x9H.jpg,0
davvfRpZUnwa1S4l.jpg,0
dcArrenr8rJtbDxf.jpg,0
dcW0gnPrdvOAv6X3.jpg,0
dcpa8kxKQli50scd.jpg,1
ddcdnMuReRUqpnvQ.jpg,0
de3tammgU7dIbYQV.jpg,0
defPUNSaqzc8RAa4.jpg,0
dfMFa9DMCMcI9Qyb.jpg,1
dgITo1qvqZ7BvHtc.jpg,0
dgZrSweYD0Gw7mFi.jpg,0
dhQ1x3QPzCEbi9Yo.jpg,0
dhnvqvAXD0DWCc20.jpg,0
di9mCB5ezcHVqfMx.jpg,0
diAsmtwNBCcLwrYh.jpg,1
diTWtxM3uto7sBK9.jpg,0
diUZpz5JOkTowBsg.jpg,0
dj08x1oBQJy0029o.jpg,0
dkpmsD4WubrugJpC.jpg,0
dlU4XnUiH6VzN1XJ.jpg,1
dmDbtK2xO8Pm0aau.jpg,0
dmEwtBLSZm9buquM.jpg,0
dne04AAFEOA9sR6V.jpg,1
do8nWw5pXB9Ytisw.jpg,1
doBsHXfGRQnsDoFK.jpg,0
domirqW0VlROWwtB.jpg,0
drDmhKieB1WbPXGJ.jpg,1
dt5aAneQp6ecJWTh.jpg,0
dt8iRCfJOU134lwb.jpg,0
dtIpRK1OA3SrrUSb.jpg,0
dtYNTGadP5wfxdxL.jpg,0
du7q8U5eos76OGBm.jpg,1
dv7hPPX3jPxyXC0P.jpg,0
dvB99vJkw09XNBTO.jpg,0
dvN3qn4XDDEf67xd.jpg,1
dvfDD9ImZS1Mczoy.jpg,0
dxXfUZnTLBD9G3DK.jpg,0
dyDPQvm3UynmUrJz.jpg,1
dyyhUfXzafo9URGU.jpg,1
dyyowgeJtaNIDkju.jpg,1
dzKcqWFcH1eh8Elr.jpg,1
dzRd3xvDftxvAaLy.jpg,0
dzXjDwFSzOufrrzI.jpg,0
e0ISO13WcBbfwdFS.jpg,0
e1Z6yKSlVhsYWbji.jpg,0
e1kz4UnJCoZN5CI7.jpg,0
e25TObhTENHQeJDA.jpg,0
e3XFi7RDVZ7eqyvy.jpg,0
e3hXKn2uD5wq1YJs.jpg,0
e3jgUjs2nox95hue.jpg,1
e486KybjOJzhcrEv.jpg,0
e4BcflRuoaDfTD3T.jpg,0
e5sDuE0J70u5aB2s.jpg,1
e7ClsPdwmpIRyYMV.jpg,0
e7YV1tg0P8sPBUeq.jpg,1
e85r54Eqkxn9qnZc.jpg,0
e8LfnYtcw4tCaoFT.jpg,0
e9HW3jKUaykMn522.jpg,0
e9fbIUHf5umk0sMa.jpg,0
e9l0RhUNoaBuh6QQ.jpg,1
e9sBT1VBbZp2cCzI.jpg,1
eAXpTIhmqLxHLSut.jpg,0
eBWCkN4t0unVenCu.jpg,0
eBloFjAfMx13Xf0p.jpg,0
eCBxpTIpgRZ7EttD.jpg,1
eCUiwyKdJCCiDoz1.jpg,0
eCo6xgvFV5n6vZiX.jpg,1
eEeXDfTNqXx0wMwX.jpg,0
eEzNGNdn8uyKIFvr.jpg,0
eGFZtP83ccz5tAsF.jpg,0
eGJcFmzgiWJQl74z.jpg,1
eGg9VelwyVsCBNVX.jpg,0
eH3ffIbqbma5PVX0.jpg,1
eHgxVHzgXtsF3n6a.jpg,1
eHtUD4Q8TqFzOTRB.jpg,0
eICmxCTaaeMxTmht.jpg,1
eIxwfl6Gc1whumuS.jpg,1
eKBR8P6i0nudZAve.jpg,1
eKDD5qFxhUwgolZJ.jpg,0
eKoUfxZpixN2TF90.jpg,0
eKw9JCawn7gVEQqF.jpg,1
eLKZtkOyDv5Mtsod.jpg,0
eLr1e2AEpvjWJx9M.jpg,0
eMM05WFg0aduMSJu.jpg,0
eMnblNGQ2s9Gl0DE.jpg,0
eMraWTG2pweWNUac.jpg,0
eOVzaNMWwrHyuvoS.jpg,1
eOvaHNWwrRQ16bLi.jpg,0
ePFqjmKeiZUWXREQ.jpg,0
eQ5n6B8pcXV7BAkL.jpg,0
eQ71FpqaWXw5DFlx.jpg,0
eQY1bv98VFilMlPG.jpg,0
eRDC0wk3q4nmyIKH.jpg,1
eS3sMd7eRuomYSbP.jpg,0
eST3Ps3kk8e7bThT.jpg,1
eSTZ3FVSWOPHW6i5.jpg,0
eStxyL6DOuBaFH0w.jpg,1
eTbcwqXZSWw8ZVae.jpg,0
eVNNeY6Ge7MqVrK0.jpg,1
eVl3Dy85Vlj2sGXY.jpg,0
eVuesZAxiUZcgNSz.jpg,0
eWF1G2uuWNxISm96.jpg,0
eWQ9xCg6UJSbFYjQ.jpg,1
eXWqp0kbucU9GNnB.jpg,1
eYDjCoORDQlKaHOC.jpg,0
eYocacLyeBzKH6US.jpg,0
eZTQBH2J58XAybaL.jpg,0
eZsR77oBscK7wJaS.jpg,1
eZvnouk7bI6vCsPG.jpg,1
eae6oFJ20OTWeDTM.jpg,0
eb7mYdkODZXZ9Exf.jpg,0
ebOyUhGJ0YjZwY0Q.jpg,0
ed5KgHkmMn8YUN4m.jpg,0
edHzGU1KuC4SViDN.jpg,0
edMphmmRjgtO9UwA.jpg,1
edRratMTHhAyebjc.jpg,1
edvVd3nwn4UOGyNr.jpg,0
eeLDsTj0ES2oz3wT.jpg,0
ef5JGmy3iLmWTiEB.jpg,0
efUDqHNqw9j52tWF.jpg,0
efdGjDoWZ5y2sdAC.jpg,0
efxkTFh9xlsaYjQD.jpg,0
efzw1H2TFybGv2Ww.jpg,0
eg9TVNCcTfQcgZN8.jpg,0
egD0vSiRqqeTDp5p.jpg,1
ehVD2L8F13QsFk4a.jpg,1
ei0TgDPrUbUTIb4O.jpg,0
eiGd3znXes7SU73f.jpg,0
ejeqG0eJE7Q0PT11.jpg,0
ejo78InPa3qcoocO.jpg,0
elVSoZe46gCh0cGs.jpg,1
emZZ8tMp1DC5UuNj.jpg,0
enEgF5fDjNrRDiT6.jpg,1
encuoBFn8nl4duSl.jpg,0
eny6MQbhPaMURlFE.jpg,0
eo07gNUSUxJU1niP.jpg,1
eoizvxvHSigxHrHA.jpg,1
epj3fTnDtUo8RfhJ.jpg,1
epv2GjotuMsfAO4i.jpg,1
er0meg467zx0RnrP.jpg,0
erYkCuftSxTAyFMm.jpg,1
et2NsaWQ62SiuT0X.jpg,0
etuG1YlS7xZmH0A0.jpg,0
eu7x6qRB716qjppw.jpg,0
eu80y8HvU3u9BinB.jpg,0
evlCXOvx4BHn3IgG.jpg,0
exm2ZMrJVzvKWOz3.jpg,1
eyAUZGtWCE267xaZ.jpg,0
ez7tuyIHHg4o4yQl.jpg,1
ezPHkQOvDmeSYuNH.jpg,0
ezXnpb7L0Fvq3FHu.jpg,0
ezmBfxKiGCbtFvsJ.jpg,1
f0PqVnQyU6h3ll3Q.jpg,0
f0QiiZC1uacJaqUb.jpg,0
f1CLjGd1fWrFFYUL.jpg,1
f1O0QHbbJm1YArxI.jpg,0
f1aL54EyfLWZdTdx.jpg,1
f2Lto4jRUstV9QOe.jpg,1
f3RDLKn8WwsJWi0D.jpg,0
f4wcxWZ8runhXgXo.jpg,0
f5NTGWykkGxolVpy.jpg,0
f5PfUoxQaEXN82HY.jpg,0
f6HPzLnfUVcbJNeo.jpg,1
f6eucuGI2u9w3fts.jpg,0
f6fHcL4ihlVOTGGT.jpg,0
f6uGYCx34HRmwGCv.jpg,0
f6wBHwAEidkIdVsQ.jpg,1
f7A3m0Cx2fc2uVqo.jpg,0
f97IdFTFDddz77RE.jpg,0
fCkrEKC8rSPV9m5z.jpg,1
fCoVAWuGWrV1lv8v.jpg,1
fCuoFFMPGGXvJlHc.jpg,0
fDifDtEtI7fkIK1c.jpg,0
fFaP4eJrjn0veVgo.jpg,0
fFr8Y4rFXOMX9Z22.jpg,1
fFwNktbt2QauvubT.jpg,0
fHgjZkuRNklGH8YS.jpg,0
fJ2FdYdOInQTRP8D.jpg,1
fJF5ICkV7xze3D4M.jpg,1
fKDSawSx0KU9XxwL.jpg,0
fKSBAyCpix2vDL9G.jpg,0
fKwwZV5FSxd5DSUU.jpg,0
fLD7rkXx7q39f1Ax.jpg,1
fMoq80otiAi2WAzM.jpg,0
fNUretdK6uJRffVO.jpg,0
fOFGXy7EwjlFZD2E.jpg,0
fOyHJai3RRwvlBmv.jpg,0
fPCQ58xRS8qJCNv2.jpg,1
fPiUQW3pd4LUaAVK.jpg,0
fQGGzMPF2uZvvF4d.jpg,0
fRI2BY8XJArZDe8Q.jpg,1
fRJW00bjTZ7ffiJ3.jpg,0
fRqN0CMKxBpufsHB.jpg,0
fRydGI5aI5cqqPaZ.jpg,0
fSXxKPvpgXsjKbGP.jpg,0
fSxxEMSII0Yn2XAA.jpg,0
fTo4y65IEnIx8uDQ.jpg,1
fTxpAi7ytpfWYVzi.jpg,0
fUxQLRzMcrHwLVkJ.jpg,0
fZygFZQb0O5CJ6BK.jpg,1
fbJIrmI3tKx2PqdD.jpg,1
fckse03twRGySFj8.jpg,0
fdSzwbeH1Q6zC94g.jpg,0
feKw1D97O9sM9nZR.jpg,1
fejftopMQ5SN8R3T.jpg,0
feyJAYijlqq9ifUa.jpg,0
ffR6Lp2sxB6nDSTu.jpg,1
ffbYsPJKhxs94kxu.jpg,1
fg3YeShFV6i66MGG.jpg,0
fglgP5ZgVQwJTryM.jpg,0
fgt4VF9Lsgys5U6O.jpg,1
fhAOsCTR1io9o8pE.jpg,0
fhdyO0rGljg78AaU.jpg,0
fhpnFWq00pNWOood.jpg,0
fiMsmamP1YbssfyW.jpg,1
fibyHHnS0cvIKS8i.jpg,0
fj9ccqVJ81ITWprK.jpg,0
fjlutX5sbIoD6DmT.jpg,1
fkKuAU9gOeJyOB9Y.jpg,0
fkXW7ag868OZZoxq.jpg,1
fl9TEmq8LWcQVnxu.jpg,1
fluQyoozwoUMTkJg.jpg,0
fmatNipybhJKfaXc.jpg,0
fojR8Vb4KMrTz2N6.jpg,0
fomYXZQSnKWBL4Oq.jpg,1
fovXjBgCcGTfr06c.jpg,0
fqrghuS7EZbIrhA9.jpg,1
frLMQfguwTEXuYZG.jpg,0
frzjgsPre0CuuYTF.jpg,1
fscyBpQXgCT0yryw.jpg,0
fstUn6jFI2QSbxZ2.jpg,0
ftJ0BOMtltZkt0Ug.jpg,1
fumV721tU1tU2VOH.jpg,0
fvHwKlppRQ4Gf7j7.jpg,1
fvqZRML4t7aI2hU8.jpg,1
fvsLWn4LuD2AdF4U.jpg,1
fxpd8NqIDBNV1saQ.jpg,0
fyEG9c1C7NpSuqry.jpg,0
fzYwqGJfJOSoZ39A.jpg,0
fzmrVG1iG00v5GFs.jpg,0
g0Hz6kzFZQI9mx8V.jpg,0
g3Y2PU4zADFe8dnW.jpg,0
g3bdzbEswtX5aIY9.jpg,0
g3r1prZWH79El3EM.jpg,0
g4l0ky8yTQdxzEa2.jpg,0
g4oQhBDRfEpmEGzn.jpg,1
g4wZOOLPNDrNMjQp.jpg,1
g5249PMEtXxPVIIF.jpg,0
g6pPH5Ni0UK9Lu3i.jpg,1
g751P9UCAYReegve.jpg,0
g7YxhlI4HcZi0yiY.jpg,0
g7rkZh8x7q6oJ7LL.jpg,1
g8GbczjEGp3QkCGm.jpg,0
g8g8FXf4Gdgu8LfE.jpg,0
g9i1tnvLxe4gJWop.jpg,1
gAeomobD9bBmC8G5.jpg,1
gAxUOyXJNXHWgqmp.jpg,0
gBNZVUfUuP1LStpC.jpg,0
gBg9D9W8IuCmS1cM.jpg,1
gBk0l7v6nf5CrGyj.jpg,0
gC1BzDa4uTJJ73Cz.jpg,0
gC3735kXDFJDxVQQ.jpg,0
gCGvUaLIekrk9p5c.jpg,0
gCLQSMATeyPsj5Lx.jpg,1
gDaMqc7nyr1USRqL.jpg,0
gEKPk0AEzSeb1sho.jpg,1
gFQERiWCwuiDSgkS.jpg,0
gGBvCba1vmqkLmjC.jpg,0
gGPmc3jTUH91IxAf.jpg,0
gGoKyAeyAKU6JJz1.jpg,0
gIJN7crCISnmPfUb.jpg,0
gIyxnlgpegd4T7vD.jpg,0
gJ1nOmFNCXPz35Ah.jpg,1
gJPL9lm8gJ7Z60FL.jpg,1
gJd87I6NSE2fzYKB.jpg,1
gJrFDlOxg3PiITGI.jpg,1
gKYezvdfIw6IGQ2o.jpg,1
gLQ520ne2q8EF7CU.jpg,0
gLyMVZxITTdIOv0L.jpg,0
gMHmduP7z2Zm5MlU.jpg,1
gNPM1WGTwtJ8TF3w.jpg,1
gNnWBNzOJ1jwyKX1.jpg,1
gNzCSpnK2YrcfrUW.jpg,0
gO0M1qIJmG8nmuzo.jpg,1
gOCbd5yWyHkkoxqW.jpg,0
gPATaCV5nyUiGS2W.jpg,0
gPXE6ERLb7023xOR.jpg,0
gPurSVMYH9nHrjBI.jpg,1
gQJDLMyDWjSGCZQV.jpg,0
gQLkvQctPUPhouZe.jpg,1
gRHmYBnv3rb0mYFM.jpg,1
gROwRvp8Ss2SLCYh.jpg,0
gRQHc4XeA1pz6CD2.jpg,1
gStnpbkCjL3wFmYi.jpg,0
gTj7hNAYIydmajl1.jpg,0
gTsfj5svPOliqpUJ.jpg,0
gURTzmiB1N92j80l.jpg,1
gUWaDI0SeAJscb3v.jpg,0
gVDJ1JFQlf2R1c5c.jpg,0
gVZQ4LQViDsgDK98.jpg,0
gVkvrzWNfTRHjK7U.jpg,1
gWRWolEF6VtTqDQV.jpg,1
gX2IRannE4BtLTK0.jpg,0
gXbJ0khAGrFVxEH2.jpg,0
gYPtwv0JnUjdAhiE.jpg,0
gZY05H6r8gVHVuHU.jpg,0
gaO3lTyhSGOzWcS2.jpg,0
gaXO1ZELTdjVBNHY.jpg,0
gbQbvAhvfFATHbyC.jpg,1
gbj00JE2DYSdzkED.jpg,0
gbzxsdfMHUOQ1aHI.jpg,0
gc9yBbkqydq1ckU5.jpg,0
gcxgQSOtLnFFgG9k.jpg,0
gehP1WqtGbjfM7yT.jpg,1
gfFrizycFyKTuqiN.jpg,0
gfWNO8MSkGOffSrs.jpg,0
gfiqiHDkWo4Xscia.jpg,0
gfxoOMNrwSTciJo2.jpg,0
gh5APXj4kAAZZ44B.jpg,0
ghL70zPA8yFVZMUW.jpg,1
ghLhHXf2lxWFeTrk.jpg,0
ghilFv2u00RlQ6kV.jpg,0
ghrBud904LZ2iiV5.jpg,1
gjVXjvIkaCNPB60f.jpg,0
gjfWFlYq4igtpPPo.jpg,1
gjmlYkHrUYa2XRNi.jpg,1
gjvXNHlXUYQPgGqB.jpg,1
gkGA0OyIyU1sjrvK.jpg,0
gkqtVXHzKAr4Un76.jpg,1
gktYOl0M89zUihAo.jpg,0
glYSQXU6V45LqAGw.jpg,0
glnosHFvqvOa6A0y.jpg,0
glstji3sDyFItj5k.jpg,0
gmQgBkh4MiH5Ia3f.jpg,1
gmvqv56SnsgOW5kT.jpg,0
gnDGItp2KH41ADC6.jpg,1
gnDMoZO3WQsP43mV.jpg,0
gnlUxanzoyidn1fy.jpg,0
go8Zq13GIfgwqb6d.jpg,1
goS9dzCUKiqq8sjQ.jpg,0
goc1MdM5LGvi0lhq.jpg,0
gqLbs6sOZSD2YL7F.jpg,1
grDJhDwqQao5JMqM.jpg,1
gs6IwMNJK1XQgQMb.jpg,0
gstOv6NZnCFzqqvW.jpg,1
gthWo3PWNRpOW5DV.jpg,0
guKxQCg5DXYRZ8q2.jpg,0
guZSTdqrKs4gW2SW.jpg,0
gupniaiuPzIOw9Ln.jpg,0
gurK9mHU8sY4OzUQ.jpg,1
gvYqtMQM8NHGYJWs.jpg,0
gwSwvaBY6a7Sd3dz.jpg,1
gxSA9hwEywCQ9lmx.jpg,0
gxcd60eebAnhZzLB.jpg,0
gyJX3oS4bJjJ00Eo.jpg,0
gydazVU21zvO42wX.jpg,0
gz1bIpNLgAdSPDf1.jpg,0
gzTKoUlQGSCeHYek.jpg,1
gzhIeYcrDivkNsEt.jpg,0
h0IYprFEQSDUK2kR.jpg,0
h1Aq0LfESPA84lQy.jpg,1
h2GJLCMulmwJHwkD.jpg,0
h2xDrgzPQMtdXW1y.jpg,0
h3KC3o4VVJjPK0qT.jpg,1
h3WycU2wc2q9drIL.jpg,0
h3dhhMBPor2yzIoL.jpg,0
h3mFvXVifbUI2aGi.jpg,1
h4QS2pOTqmx1tYbn.jpg,0
h6tzHtrnK3jAkMe1.jpg,1
h74AMKwGXu8ZtdRy.jpg,0
h8Ym0FkF5E0iuRjD.jpg,0
h8flBHMVkVb57jGB.jpg,0
h9LI6gihrRUZYACO.jpg,0
hARLDnMHORT8Foh5.jpg,0
hAZzFxX2D5UeFc2G.jpg,0
hBcdCCSLia7fG93i.jpg,0
hDoXETJW6HnY85Zp.jpg,0
hDzxfyYxVhKm9rb1.jpg,0
hE0eMectCi5ijj6T.jpg,0
hEinTuodpArhdlst.jpg,0
hFh6H9gm8rsyJASc.jpg,0
hFmK0xPwYDdbxEJY.jpg,0
hGlG9oZKe6S7od7F.jpg,0
hH2rBgIl6q4A0LC0.jpg,0
hHwImC5NzdEuVUmx.jpg,0
hIm1GpRxilm7kjgu.jpg,1
hJ7ouIuYTmYjLCLJ.jpg,0
hJK9dgASsmLAgIew.jpg,0
hKFFlHBjSREqNPny.jpg,0
hL7CfTOLelFg7hA0.jpg,0
hLZdprIVpfRygkqp.jpg,0
hLl7V83Cw50o1iKs.jpg,0
hMhL8GInMmvTTcMB.jpg,1
hMqpTwX8oKOga82T.jpg,1
hN4RpZ8viXuLcVmG.jpg,0
hN4TXvQ7KWXYDUUN.jpg,0
hNNyAohk6utpTu1T.jpg,0
hO3VOPDGWkb3QDjE.jpg,0
hPnuZ3vZjeZmiVGP.jpg,0
hPpHlKs6lRvFP3Jl.jpg,1
hQIIp4jOnnHfwGWs.jpg,1
hQpOaSRxJRo1CaTC.jpg,0
hS9oOCRD1CvG0WiZ.jpg,1
hSlI9GwFLUVlEYnL.jpg,0
hTI8hVY0xHYzHacU.jpg,0
hTYnalp7YWr0tIpX.jpg,1
hVaMHgSngiEroOxY.jpg,0
hWKkSLqNHqIxIPP2.jpg,1
hWw3nMqNThoMnUqv.jpg,0
hXdBY9rHNLug3dbJ.jpg,0
hXgoGfFHzIrW3gSd.jpg,0
hY6goAfpcWmMoKAG.jpg,0
hYVPDfmFu6TNX0Jm.jpg,1
hZ0ilgCSDWah6oEv.jpg,1
hZgoRfe5Vu63gZWv.jpg,0
ha4rsk6rjdvSDaIP.jpg,1
habmd13lNCQ8yw2E.jpg,0
hbj8jdSStQEFiPHv.jpg,1
hbu2x4PEIpJCq3gN.jpg,1
hdCOEsKMtEUReoyI.jpg,1
hdUCuktGZBPfaIjb.jpg,1
heqrri4O5uLjHC5n.jpg,0
hfRdOXMvu7xLQWC9.jpg,0
hfl4ejJM818GuZ1w.jpg,0
hfzt4ZFJuvT6UVb9.jpg,0
hgruWQpi0gRaeKuN.jpg,0
hhWykv2K6dPsf4KL.jpg,0
hhch9LzY7qlhSVFx.jpg,0
hiNEfiEDqMe36Jhp.jpg,0
himovQxcfo9IeOXU.jpg,0
hinX6bb2Rwrb2G1K.jpg,0
hjzqjucvOngNQIwr.jpg,0
hkCftA0qPGUiqxXc.jpg,1
hkQ1KuamoLP7EZXI.jpg,1
hl36IzN5n1gkXEZK.jpg,0
hl3QFA8NGWfynySW.jpg,1
hmpkXLUkSZ7WOJBy.jpg,1
hn0jDmq8kba2a8aM.jpg,1
hnSNZbkLPsX4clzq.jpg,0
hocobhWRB26QX3zh.jpg,1
hpOGxJdeHYrLM19K.jpg,1
hq0H9Lz9fJ1g3pq8.jpg,1
hsY0dE97nzkpiljA.jpg,0
hspZ8XM8Iv9g2vvs.jpg,0
ht0OtmpcOpNT1U9X.jpg,1
huz59obz1qXhme6B.jpg,0
hvTr5kxvoDUqgQCk.jpg,0
hvWX9e940s8KLT5B.jpg,0
hw2uD1aZtzWpEL2m.jpg,0
hw3v6bZmFUzmJU14.jpg,0
hw6cu96A8hVjkrkl.jpg,0
hynQbDdAY5IAUCUm.jpg,0
hyuXqTSNzFwh1nXm.jpg,0
hzvIGSazzeuiTiSh.jpg,1
i0LLtEyTyGL7XiV7.jpg,0
i0MF0dJidwFhWbjK.jpg,1
i0OkUWFRx5jMOnK7.jpg,0
i2d8L0nffkL26cYU.jpg,0
i3ULYhvG8nyGiNj4.jpg,0
i3pPP0Wa12YLshOU.jpg,0
i4UvNZDJkCuJSpRo.jpg,1
i4rtHw1ezm6bhijV.jpg,1
i5QILOL2TENtyNZ5.jpg,0
i5beOgN7dDzo9OBi.jpg,0
i5gJkhTnG2CHTNaU.jpg,1
i6Dbuqx5Yz5i0jpY.jpg,0
i6w8qPMYHEJtVvrh.jpg,1
i70UF7f08ckJ1Qag.jpg,0
i8KkCfZLARkOsJVG.jpg,0
i9gWGnKx935BtYjh.jpg,0
iARYVVf16xZZl3PF.jpg,0
iAbMEPmt2S0k12hi.jpg,1
iAvpUfRQfXFeahNS.jpg,0
iCp4aTrO5eOkyyLt.jpg,1
iEGAxR6FiiVzOqhl.jpg,0
iF8BhU2AbKLMEc9P.jpg,0
iIPEt2ZFGUP7sLMS.jpg,0
iJ8Ce1p0L6v9QWQd.jpg,0
iJzS6cc2vwXJzBnG.jpg,0
iKToCLHVtOstbZhN.jpg,0
iLhLlPPMv4CkOAkh.jpg,1
iLxi7ivIG75M4zzp.jpg,1
iMSvxTMgwlPp5e0g.jpg,0
iMXgB5SXn5X0sslv.jpg,1
iNIMFnR8PQLX7usN.jpg,1
iORIkuau1zMIbBVI.jpg,0
iPBAFcB3imgugGuJ.jpg,0
iPQv1oRkNkvBxh90.jpg,0
iPWV03Y57kvAaHfc.jpg,0
iQiRAm1DDdKD3s1Y.jpg,0
iROXB0adYyOUL8ox.jpg,0
iSSfTf7LgiiiOfgK.jpg,0
iTHV94csGf3wh1dy.jpg,0
iTXWG6IlGMXtemYE.jpg,1
iU2KyIzsxOG1iAsB.jpg,0
iU9lJ6Flr6Ohpe8n.jpg,0
iUkzxLV8KD1xAqON.jpg,0
iV03Ytb6eOFTQeZp.jpg,0
iV62gBxh4w6vqOnx.jpg,0
iV64pqRa0ndKlqDT.jpg,0
iVZM4lD8Xh5rbuvQ.jpg,0
iVmLNvT765vEmpWp.jpg,0
iWiTEETgjVZlkfL7.jpg,1
iX7agSWMQTwkF9NO.jpg,0
iYOIZhxCVmxGqVmN.jpg,1
iZ1s45yJNNVDypXB.jpg,0
iZlH9QfELrOeh8rc.jpg,0
iZrKPrqdCb1Yw4aH.jpg,1
iaCvXwcpXY0fLsE5.jpg,0
iar1crFhNKSWzNq9.jpg,0
ib7vUkccZcy9Q5Jj.jpg,0
ibW0q13q1Li7Wz3p.jpg,0
ibawHYZy2m8qTQgc.jpg,0
ibe6pk5e03NVkTIZ.jpg,0
idSe0O8i4F4ozu71.jpg,1
idqvFhVETxDDq5dq.jpg,0
ifG7uQ9sxvFQnnFu.jpg,1
ifbQAh5sR02KN51A.jpg,0
igL44gT3K0dqA5Yq.jpg,0
igTgsKjcFZtUKsRs.jpg,0
ihCXMJlY0eDHAnTX.jpg,0
ihRpMsz2TYmgXYxJ.jpg,1
ihWDflfOz1YxfsRC.jpg,1
ii5a6mevV0SfPYeE.jpg,0
iiKX2IQMpoCbFtyc.jpg,0
iiTkRGYynWFwRzVk.jpg,1
iigRcONaAvgnZL7p.jpg,0
ijMucIe3XJxuWvf1.jpg,1
ijOVpjfQUe8mlh0t.jpg,0
ikFwayGSv5E7xpSQ.jpg,1
ilkEA2OC96CQWw6E.jpg,0
ilrjOG8eyrCt0ftU.jpg,1
im9cBIHFDYItyNbw.jpg,0
imIOgG7BaBzx0vEp.jpg,0
io9fQDbchLLp4i1n.jpg,0
iovmTuQDmsBNyUcv.jpg,0
ispO3L10mEQreSpI.jpg,0
iuCwefM1Er9MYRTv.jpg,0
iuXC0uUrpw7CgGk6.jpg,1
iuh1cKEaNvWxrpFf.jpg,0
iv9YLJ8fqRJjtUHX.jpg,0
ivdnc9X0NAJSr7YN.jpg,1
ivje4DsLxhWnVaLX.jpg,0
ixK1W0qzOLsZQqtp.jpg,1
ixNKrELAdlIiFQsR.jpg,0
ixXkYWmLyebSr7Oz.jpg,1
iyisz9rMXV0PlGaE.jpg,0
iyjYuIo3gjl6leMI.jpg,1
izSL9Gaq1O6qqTkA.jpg,0
j2Gaeo900X1DjWOH.jpg,0
j2X1FqtPysZ7Xfe3.jpg,0
j2Z6XARyW7yh9xrX.jpg,1
j3wyph8AtVrlHrlW.jpg,0
j45k9CuRAhtuUXDb.jpg,1
j4ZsCoPcTOqTDPUu.jpg,0
j4mQAmKLdLUjGY28.jpg,0
j6BZgQm1NZDidXxd.jpg,0
j71NvhwBa6cwqUHN.jpg,0
j77sJVPf81FExqfr.jpg,1
j7W5aGjcg9iuRdbn.jpg,0
j7rATzPmlGuKV0X2.jpg,0
j7uIxlbOzEruVeYB.jpg,1
j87Ccf4qK7LhufEF.jpg,0
j8Vo1PaJcSpKCZhP.jpg,0
j8hLyYYUHDChFsaG.jpg,1
j9YtV2sDZZaMMyFU.jpg,1
jAVBO1UVJuslcAoW.jpg,0
jBWHQ0C7PlElTlRW.jpg,1
jBcPGTqeSVGDTyu2.jpg,1
jBty5emMYKY11FPV.jpg,1
jD9yOywW0OWNeN8M.jpg,0
jDYFhcM86fiHDUrn.jpg,0
jFNp5QsjH5oT7w3t.jpg,0
jFlIN9l39bxYesLZ.jpg,0
jGFdHrX7hb5s4JJe.jpg,0
jIyTUKoiDG5XM23o.jpg,0
jJMrOEYxy15Tm26h.jpg,0
jJWkbaxnoahn82iw.jpg,0
jJazGmWmSiBgEQn8.jpg,1
jKEjmtbbjZmF7HU5.jpg,0
jKN42p6bA2gFeS9b.jpg,0
jL1nxMd7jCkffcdB.jpg,0
jM0YoMxbA0TR1oWF.jpg,0
jMWsY9A4oCYMSm8U.jpg,1
jMeITfUql4a4ab7A.jpg,0
jMef7JU8DJKH7kBh.jpg,0
jOL8WQb4a9cBaJ3d.jpg,0
jQUzOML8n9jCZy8v.jpg,1
jRZVlDIH01Xxti55.jpg,0
jRkDtHRfQ7eOkqYs.jpg,0
jRoHlurjmPBGO62s.jpg,0
jS6Ranbq3x7ztbDK.jpg,0
jSZqdwd3EIss5ZkB.jpg,0
jTtFg1evvblfNMTx.jpg,0
jUgmgHkZzo9apzRZ.jpg,1
jW36fctGMuTub6Ey.jpg,0
jW6w4KFGF6wdD3C5.jpg,0
jWo8BYKygLDmQwKy.jpg,0
jXazSSUuPdjaNFck.jpg,0
jXffBhH0aFk5H6Tw.jpg,0
jYUCRUzQzItB2V0e.jpg,0
jYjptWASZ6NJSYRU.jpg,0
jZB92NBxHRxnp2HZ.jpg,0
jZE1YyMhDXOVTyMV.jpg,0
jZeaDYdE1J59Bkqq.jpg,0
jcHcorp1YRNMStG7.jpg,0
jerSIBPMXTp5kkyP.jpg,0
jfnkrXhfsJzefvKM.jpg,0
jgOhoo6uEnIq9A1Y.jpg,1
jgmKUv9LtlFl9SBj.jpg,0
jh5GCj1bX9YKQkwd.jpg,0
jh7qPjqtLUq8XwRt.jpg,0
jhKkKjvTHU3eABdA.jpg,1
jiIwfjgtzh2oUx7k.jpg,0
jill0LvifFCq28zD.jpg,0
jjBQlnYmSzz7SBUG.jpg,0
jjl8eRlNEquytBxw.jpg,1
jjxbOMmJvG9zzlqf.jpg,0
jkanfbbSxJ3ERDrf.jpg,0
jlLQIiwpKQnbLtAF.jpg,0
jmKIIIuobn1McMfw.jpg,1
jmSOBDUfJQ3ZdaFG.jpg,0
jmTH9EOdSaHbYCce.jpg,0
jmvBJy1ehfj8CSd4.jpg,0
jnbB5a8dpOgJb5ak.jpg,0
jo6a2syH5V05SMfr.jpg,0
joxRRj046o6LQK7b.jpg,0
jpMw6AYjqoacc7oS.jpg,0
jpSqdOi0OgdYBIhd.jpg,0
jpYg76egvF4EPstx.jpg,0
jqqRPnUQQMBKdXmj.jpg,0
jr3G6aZviVqYtf3r.jpg,0
jsmpFPZWYjOWfDz8.jpg,0
jsrSpUYqnbZyIX2P.jpg,1
jtPfqHvFcsK9tqug.jpg,0
jtcvQWpKadMuntSE.jpg,1
jtjfdXyCyDLj4h2F.jpg,0
jtvyZAzaU1neMGyG.jpg,0
ju1HeXjL3liRl9hP.jpg,0
ju248LkQBFBQGnFQ.jpg,0
ju5VE2IefErZDRU8.jpg,0
jwCadnDGbELAlOnh.jpg,1
jzjajLLhdVdBVPf7.jpg,1
k0f05f3jIvvh5O42.jpg,1
k2Lao95E7RagCa48.jpg,0
k2tYIVBzfz547n9x.jpg,1
k2zsBq27GrMOl4lb.jpg,1
k3P8NFxETrnqCQ70.jpg,1
k3hJThp2m5hmghGZ.jpg,1
k4djy1Z2HiMOyQFV.jpg,1
k4f2j3fxcVqg7R51.jpg,0
k54FIyeRZC0Nofyw.jpg,0
k7k8Lzu0Xrt3qzED.jpg,0
k8YmJv507xvfDInc.jpg,0
k99D0Wsq9baKm9IO.jpg,1
k9GLp6D7RmTolR0X.jpg,0
k9iGzqZxBn2tskzS.jpg,1
k9sEl4Z7YjlbwFI5.jpg,0
kB5biTaCv75XUngZ.jpg,0
kBbvnQIsZ7AkLfET.jpg,0
kBe2UgiM3qsFNENW.jpg,0
kCggU5Bsq0en5C1h.jpg,0
kDG6NXaBLxUywbYW.jpg,0
kDKIoRCBTp0zrYiu.jpg,1
kDmInXQD2uN7gGmK.jpg,0
kF9XpQsmz3ImgvNj.jpg,1
kGdQhcJTLjThAwgA.jpg,0
kHYdzPrAtCoIjbXB.jpg,0
kI2mAcSQT4Dwo7ij.jpg,0
kIr1Rr6eQ5x4rBZc.jpg,0
kJeE0LORM3IOiyIZ.jpg,1
kJePZJcWr4aWrTfe.jpg,0
kLyuutbkNGYK5UtK.jpg,1
kM4E5C879Z0Qfhr9.jpg,1
kM7WYPmvbeAs3VJt.jpg,0
kNfspt8S4M7ZFkjW.jpg,0
kPSZRbHv7zmN38FS.jpg,0
kPorwVxGzza4Il8G.jpg,1
kQ0F9JFWtcd9r0fJ.jpg,0
kR4BuqihCIJeLtbi.jpg,1
kRiFBIwSvspvOW0c.jpg,1
kSAKdWbQ44kX871t.jpg,1
kSoZt5SGVW9bnv2z.jpg,0
kWFRRwbyMVikgSZ5.jpg,1
kWLGSy31QCgditLl.jpg,1
kWYKDCBnOv9LD5OZ.jpg,1
kX4FnDVS0D9ZsqNC.jpg,0
kXX0oj3LlNfdm0Pp.jpg,1
kXbZFvdtknCH5U7i.jpg,1
kXdPZ9m32jSNyjJo.jpg,1
kYCacjx6j4Lg7lTI.jpg,1
kYTuf3PlDuJPiRSS.jpg,1
kYfoiwFLNUWtTSg3.jpg,0
kYtSb9w7N2Y9p7Np.jpg,0
kZaQO23HYhzhH8qk.jpg,0
ka04BV1FmeZjqPXg.jpg,1
ka5xRUvBWrqx9rgP.jpg,0
kaZOCJ7AZJY8sKPx.jpg,0
kePVX09q555RsoeQ.jpg,1
keTEov3iOqbqxDDS.jpg,0
kfLNGH82GdtdYTEx.jpg,0
kfVneGg2xOyZoEpq.jpg,0
kffCadJh864L4qJG.jpg,1
kgmooQvExzppeUHY.jpg,0
khRY6nom5ep0FOmh.jpg,0
kjDTEwJf3xwrLenC.jpg,1
kjHoJk07vuaMVP7g.jpg,0
kkPITvq48H1VjXub.jpg,0
kkpldenEg1yCdZoQ.jpg,0
klu0BiQhspFYa6Uu.jpg,0
klxBW6qTljRwG9gs.jpg,0
kmbzsaqACOpROMZN.jpg,0
koNoOtf5gsWNUuxf.jpg,1
konf9oidehSwEE30.jpg,1
kooZlLDNdsf1PXfB.jpg,0
kotUBd5Bzdoagb0X.jpg,1
kpGQb2BUgxTJoEDV.jpg,0
kpmSqAbXn8QHZnLK.jpg,0
kqYY9Dyajwu4Ao0S.jpg,0
kqZNa0ltNgVl0oxS.jpg,0
ksCkQno3Ym8AiyNv.jpg,0
ksqt1j9NrJO2jbiy.jpg,0
ksrslUmcuQ9JOV2y.jpg,1
ktiRKi05JPs2rDIS.jpg,0
ktrojnVrjP2JGpp8.jpg,1
kv48Qv8cNALfimZA.jpg,1
kwghmSgY2wZjyyef.jpg,1
kxStm3jaW1eFna91.jpg,0
kxZ1dt88JGm82ppk.jpg,0
l0EitdSULzsnpQ9o.jpg,0
l0XP2BK5vzxldR61.jpg,0
l1dFqk6JLqra8IR5.jpg,0
l2kEy8nMm3gDxe3c.jpg,0
l34zsPqty8kWHHXT.jpg,0
l3MA18ok9VUmMzc2.jpg,0
l46gRTM2jcHHwSuP.jpg,0
l4BeHk0siIFNlkfO.jpg,1
l4qXBF0ixOkmzQnh.jpg,0
l5BekDbc5h7AjWmc.jpg,1
l5s3THHSQwvDkE9P.jpg,0
l7XOr4jNdHDSLmcE.jpg,0
l87djM39VDN7ePFi.jpg,0
l8yzCw15Oo5FX7aK.jpg,1
lAtOqSoXiqJCafrb.jpg,0
lAxHNbLjenYJzgZO.jpg,0
lChP8oKh5oqFhzKb.jpg,0
lDCwhZs8dc5RjqET.jpg,0
lDJzqyVnlGZk8Uuy.jpg,0
lEQrKAWdSxjmMSZL.jpg,1
lF8qAhcfVxW9nEX9.jpg,0
lFJytg7A3EASGt1k.jpg,1
lGQhWMAZ9ESh0KDx.jpg,0
lGxFZKo7CdM6EG3l.jpg,1
lI2deVRIRhEvE67p.jpg,1
lIA8P8EYb0QrSpW5.jpg,1
lIk8VC4HBMDK5uED.jpg,0
lJK4KswWCEUgVA5D.jpg,1
lJMg95vNmSSB68jW.jpg,1
lJSNEFZD6yTnk33j.jpg,0
lJc57y9cwRvZ0T6x.jpg,0
lKVHV8Q1UI9IBN0J.jpg,0
lKYhBrNnrVMLjBAU.jpg,0
lLLo33zug2PY3PYX.jpg,1
lLXzYvBoTHSdIm0I.jpg,1
lMl68dwqtJj0TZIq.jpg,0
lNWqp3U721OTSKYb.jpg,0
lNecV1XZ6aBYUwzX.jpg,1
lNrbvpUc650vCqcR.jpg,1
lOiMIxjfoIGw60wy.jpg,1
lP5irvEOnrpY2DVL.jpg,0
lP6icdHWjrmObeMx.jpg,0
lPiw4ich6K90hjdu.jpg,0
lPsQ1hAl1t6wHNYM.jpg,0
lQSjRVTkxZCvgRGr.jpg,0
lQyLzq9I8uH2zIJh.jpg,0
lRGGJeCKnqzA8fTZ.jpg,0
lRf6407m8aliLIKR.jpg,0
lT3YKfLbnIbHGMUg.jpg,0
lU4abq0QtSV0ehfz.jpg,0
lUkIkYquXNKx8uXY.jpg,1
lUs6rpIgv7VLZxNT.jpg,0
lV2Wu4JlMsXQlmgZ.jpg,1
lVIywLEh7DsBEKi8.jpg,0
lVcoFKx84Te0BGdU.jpg,1
lVsDA5ksejdQ0IN8.jpg,1
lX4acPsUDXMPhL6s.jpg,1
lXPLiniKLXL9xcwf.jpg,1
lYll9zryEJnD9Pcc.jpg,1
lZ2UlCZTzL4daTsp.jpg,0
lZ8pZHLNT62bHYQi.jpg,1
lZWXs6UPB0JJpPap.jpg,0
lZzNq5xwzJ86F3sD.jpg,0
la8rWhGzUdvFmDPs.jpg,0
laOC4lPGJearVXnt.jpg,0
laZBdZ0lE5hz8fJ0.jpg,0
laerhTrt0km9pGfe.jpg,0
lazGnhYgxvuRNT9r.jpg,0
lbJkNC3YdKAUNToj.jpg,1
lcpEl5ulFz0Lg0Gp.jpg,0
ldIFblQvVhlGJFaU.jpg,0
ldlLre1t6Ckt52Td.jpg,0
leSN7wMotXV9CnBm.jpg,0
lfRmlTFO2j9VDGnY.jpg,1
lfxbmSOw6eC9lfzv.jpg,0
lg9tdlOhw4N9UXk7.jpg,1
lgAozGFdgCrOpfmr.jpg,0
lgZXSrkq54gWuZff.jpg,0
lgeueaWA8WmimgIC.jpg,0
lgk6HJspWGksDHoz.jpg,0
lhO3yVJbK8Ax46IB.jpg,1
lhWWO6g34NZS8sqW.jpg,1
lhhhfzBNCJbCe9oq.jpg,0
liHUvgSW1sL8ncus.jpg,0
lihnIbTKSuL3J4F3.jpg,0
liwXEnUvqwHhZLFy.jpg,1
lkmrX5oJIDGgObtY.jpg,0
loNVRqH7Qz9nfKP8.jpg,1
logIkaFxDpMc9DQI.jpg,0
lq63XcNFVtHVEMl2.jpg,1
lqCf79p2btGhhI41.jpg,1
lrhUNG6TCsNXN5q8.jpg,0
lslIKWcxFP0rl0SN.jpg,0
lt7xLyksOyY7gWKC.jpg,0
ltYKQFTWDJQt1AP1.jpg,0
ltcqbkURNLWxJq0k.jpg,1
lur8JyxsMZt1ZqOV.jpg,1
lurEr6o57CuYPXDC.jpg,1
lv83UHJUjo6wsey3.jpg,0
lw2zhBNUTOhDS1Xl.jpg,1
lwLmpCqVXi0TmoHE.jpg,1
lwW7bKCXI85KLfQg.jpg,0
lxyjPCijJKKjusXu.jpg,1
lyJJpYp6FARCGPd7.jpg,0
lyjMaOm7CycQWcYX.jpg,1
lz7jifm6X1NVGo0H.jpg,0
lzL4Ag0dEosSe2Rw.jpg,1
lzRyiTanli6IrSNR.jpg,0
lzzmWJtBtVK8mOqd.jpg,0
m0I4NKXB8EIWCIFB.jpg,0
m0uQNYeRDMVF6ubB.jpg,0
m0yfRiGkJfhOJLfn.jpg,0
m2GI3awieuKUld0E.jpg,0
m2TdWLVg1m4xdj9w.jpg,1
m2nzxhbYwxOuPZ6s.jpg,0
m2wvB1dWzkkLpXuI.jpg,0
m3OFV0sxe6d7J1vk.jpg,1
m3XvuBQwdXvBxIJC.jpg,1
m3yHlpJHSptJ28VG.jpg,0
m4OKXk8L3abO9pVJ.jpg,0
m4dqtqbaNy1guinH.jpg,1
m4luB5L4vxoLLWoe.jpg,0
m6eNqsA5Saxbvlza.jpg,0
m7ZngbEoHzjHhPuP.jpg,0
m7oMSCqG7XgVSzJG.jpg,1
m8WVClAFG5zslqHa.jpg,0
m9dar8uUKXmiuNAr.jpg,1
mALpTyKhWP35C5m1.jpg,1
mAfMrWvmTRbUnyVB.jpg,0
mAgBQgUJXVcliyP1.jpg,0
mBH2z1QQ6ayY3eTL.jpg,0
mBhSnWWzGiwk6QUL.jpg,0
mCg1xSb5Tly2gsnj.jpg,1
mDeOstee6KoZn0lH.jpg,0
mEBBGt3OlzoUYp2m.jpg,0
mFhPsXYdtBzvSVZ2.jpg,0
mFuz4fxHEIFqcqb2.jpg,0
mG9Apuf0ZWQVa3TY.jpg,1
mGFGP2VCNwqRiZuu.jpg,0
mGjYdfwDdRTvcJSL.jpg,0
mHP4hsq4be2jEsrJ.jpg,0
mHWavGVrhfeki9D0.jpg,0
mHjaf3oetjSucqvM.jpg,0
mIJKN5KV3zqdWhOk.jpg,0
mJxGV38nmnH36YcK.jpg,0
mK3fo0eHggjFF5xB.jpg,0
mKQkLI2rSVXDyAi0.jpg,0
mMgsaTScCo4E0qHH.jpg,0
mMr7HTyNQmXiHjLQ.jpg,1
mN1vftFpwg0ptRXw.jpg,0
mN4YdtAcPPR4k6Ef.jpg,0
mNyHaql304tnjV5M.jpg,1
mOC6ZuvyPb5YTIGL.jpg,0
mOklWSQVrBfIZGye.jpg,0
mOsY54oVEvUF1GRT.jpg,0
mPIxznQP7oSZu3vr.jpg,0
mPRysmnjIWwz66VM.jpg,0
mPlXL2WcgiAl54gW.jpg,0
mPmwoXvraDXUJXCN.jpg,1
mRTpW0aZ9GBGZNOd.jpg,0
mRwUPcGanvZuCbx3.jpg,1
mSLhNyBV6eVUBS7z.jpg,0
mSjo7OByUGxXViHy.jpg,0
mT3NHkPgf6N6FimL.jpg,1
mTEpzLqu5VxIOogB.jpg,0
mTMssDBUgkG4cBqu.jpg,0
mTO2diKraa5AWxyz.jpg,0
mVtnBFHsFr5KivxC.jpg,0
mWGPZRPa2BwDZ5px.jpg,1
mWTRP1vP8MtfBItd.jpg,1
mWYK08WXAJvFBZoi.jpg,0
mWlGpVCHmPztkQuG.jpg,0
mX8TSDcItPPSU9AH.jpg,0
mYZlcQRxgFcSBsTu.jpg,1
mZ7G67WWkHRtCjr0.jpg,1
mZKEPrAXXHwMOvTl.jpg,0
mZMHDINpGzSF6Ek0.jpg,0
mZcrQoerPwHRamjU.jpg,0
ma57EaZuduV24nhH.jpg,0
ma5AbzHVwbmUvRJe.jpg,0
mamBYlGOocNgbnSf.jpg,0
mcxeetTAvbdxBVIa.jpg,0
meoLpYdpfpbtoG5M.jpg,0
meqG7yfhOJr4BxZm.jpg,0
mfKXPfIy3VZgOv9v.jpg,0
mfy13YY2AlDqy9TJ.jpg,0
mfzNYZge5Y3bzGKs.jpg,1
mg4NHxudf2VdHWCv.jpg,0
miO7ErmYHvg9OQaj.jpg,0
miiBKjVOUZSBC2oU.jpg,1
mjfUIgQQNSrnaqBZ.jpg,1
mk0zn4wEk3k6wPM3.jpg,0
mk1oCssZ5U7vUcix.jpg,0
ml7kI6bolKnsumBt.jpg,0
mlqwevyCBdh8Gydz.jpg,1
mm9rnVUh6QcmUWi9.jpg,0
mmq4ggnRciXMo0L1.jpg,0
moe8bXVmBrrrlcxZ.jpg,0
mqKczhygc8wbBbuN.jpg,0
mqclNc2zNEBtnQfj.jpg,0
mrYPl6I6GylhJIxn.jpg,1
mrdVGYpKzL4NUPNZ.jpg,1
ms3F8wtshDrwh5GV.jpg,1
msHN7eOxEY4bs6Cj.jpg,0
muNCv0d842p0lOZG.jpg,0
mugzLPXIqewXHI2c.jpg,1
mv2H5EBlSptuYQhA.jpg,0
mv3nrVlGtV2nFdLd.jpg,1
mvBOqd1T4k2sXxvG.jpg,0
mvDe8PHU9vLtpOkG.jpg,0
mwASZzyk3NttBTd8.jpg,0
mwTgRE8V5WPAeC6o.jpg,1
mwVxRFwtp0wzZNFI.jpg,0
mwtcoUgNopXT1rig.jpg,0
mx0kSnLYWgp9BZPG.jpg,1
mzODsUdgriu2t8lB.jpg,0
mzRHaoM1VkwjDMvH.jpg,1
n0GsMqcAYtnWfyWG.jpg,1
n20M323OXYbTERQa.jpg,1
n2heIO2SRxVECEit.jpg,1
n2uBTFcnzv0buS1b.jpg,0
n392wGpVW2yv0YU2.jpg,0
n39qCjhfPYKVomn2.jpg,1
n3KNFyGf7jy7qRzR.jpg,1
n3SMIe7SI2yYe1YC.jpg,0
n3u0xiXouJDkJPFE.jpg,0
n5OInobylD7hZK1A.jpg,0
n7EyYmtwyW15AWfq.jpg,0
n7vkniFFMDnDcLx3.jpg,1
n7yMkjqk6oRXzH9w.jpg,0
n9MwLiurES8yVccY.jpg,0
nAUZ4SiUwUtzcDWC.jpg,1
nB93wZSK9su5okCt.jpg,1
nC413vseUoge1HRE.jpg,1
nCiKfWSPzGdixN95.jpg,0
nDJE4Che914drNjn.jpg,0
nDZ054lbSljN7RBT.jpg,1
nEzA9bfJyUVHhxg5.jpg,0
nEzRlo7nd55sGth2.jpg,0
nF29WGhsrqP1TjOP.jpg,0
nHjDuxrcpRqzVsgz.jpg,0
nIeTRvd3D5UXMlBh.jpg,0
nIhVc5y9txd0sva7.jpg,0
nJ70fvZm53QraSnZ.jpg,1
nKgeNx99U757YXDA.jpg,0
nKnGAsdicnXKzpl5.jpg,1
nKprVmCbI7eEgp7M.jpg,1
nL5FsEn0hiYu30hY.jpg,0
nLKJGZEdFQj5EsfW.jpg,0
nLvaiobpWiIFDGDX.jpg,0
nLwOCZ7ZAP2pVsbT.jpg,0
nMnWEXQTqQBdq1yg.jpg,0
nNiJictR9WHzYQnt.jpg,0
nNigqWNZSYhSSWD5.jpg,0
nOGqBR1Qf4QLl8Ad.jpg,1
nOlksW8LD4sOcyDY.jpg,0
nPC4px2Ib0Wh2Ihy.jpg,1
nPDjJiebl5tAy3Pv.jpg,1
nPVdeL4LnK3QRj6J.jpg,0
nQYsAyQWbgjVCbDQ.jpg,0
nQcuB8Ec176vFDrs.jpg,1
nRclEa8joUuCIVa8.jpg,0
nSbKAeJY6PEKlpTJ.jpg,1
nT1Ov6qU7wiPCSvt.jpg,0
nTglZAIO50Xdprku.jpg,0
nVnqbD6nRpXooiXi.jpg,0
nWfhf72XI8CPQZJi.jpg,1
nXJQFVMQYOgrdaOX.jpg,0
nXXy8nURy0sbzZy5.jpg,1
nYMC3uXy8SlF1FYd.jpg,0
nYS4iOkio5h2kB5C.jpg,0
nYdLvo9Rv7yGxdN2.jpg,0
nYnehrpX1AhLr3nQ.jpg,0
nYwAwQql6FTcbSfd.jpg,1
nZ5JymJ4zi3jZ9XU.jpg,0
nZICzmN4NWmrWvdO.jpg,0
naGa4WUgIUm9bUG1.jpg,0
naV65EHhkuhDmssG.jpg,1
natHUsyYCoEjy4KX.jpg,0
ndbxgRv5kRwkYdLm.jpg,0
neSx7KY0NMHfqGHm.jpg,0
ngC1JYP5dxTM5jIj.jpg,0
ngOpvFlmCmQgB9xj.jpg,0
ngVb5v3KNfXO6PLD.jpg,0
nhoXOqh0ivShk7Jn.jpg,1
nhvYunkTjlybuCjX.jpg,0
niA6Jwaq9rWaPNAI.jpg,0
niam0SSaKR8Knmw2.jpg,1
njj4dSv5T5goLare.jpg,0
nlUrvSdyghd36TyQ.jpg,0
nlrxv2QcLMEiR8aV.jpg,0
nmAaOQWPwcmcFmFH.jpg,0
nn3G6s29cOPeHIqD.jpg,0
nocG6PHixgtD4QA8.jpg,1
nofNlNloiJwagibE.jpg,0
npWOOltsVohe2m7b.jpg,0
npdJsmdmyr3QVQj0.jpg,0
nqI89PynIgnBrAPQ.jpg,0
nqNfzySENPX2rXxk.jpg,0
nrKEFkbH5jiwzRSC.jpg,0
nsHznIG8k78CwtT5.jpg,0
nsoZMBYTQiLof5Xv.jpg,0
ntnNdX5wi1In0vfa.jpg,1
nuSyDVs78ujQ0FxG.jpg,0
nv5kBAN0DOOXhWrb.jpg,1
nvNbgpk1YhB7oJtA.jpg,1
nxc04EfwjatsaXun.jpg,0
nxdKdB8prkn2Dp2i.jpg,0
nxiBPE6AsIIaXQoi.jpg,0
nxkOgwGHkeKAIKTe.jpg,0
nxmZ1wT4t8LQs3Pb.jpg,0
nyElfj9LQ8s9HcPi.jpg,0
nyb6CNebyFm7rr6o.jpg,0
nzBOdy585KeRddwC.jpg,1
nzKqUvFAao5huyXY.jpg,1
nzal3BqIv3oKh2pS.jpg,0
o0FRJBzPiJMH51O0.jpg,0
o1VRNvT2KWG9Ys9C.jpg,0
o272b4Boj2wCcPya.jpg,0
o2qW2sxCoe0cKaLS.jpg,1
o36Y7SS1MowUMw9Y.jpg,0
o3xKzwDrRrWvX5UG.jpg,1
o496otkvxmlWABmc.jpg,0
o5Gj2BNnQePWIaPg.jpg,0
o5eoHzo3dmj1gu7t.jpg,0
o6pgfxw4MpfXJCuM.jpg,0
o7AG4UGOFv60tmcU.jpg,1
o7CdIxvJSlG25DGz.jpg,0
o8DiUdbCGTdwcuWl.jpg,0
o9tlGYn8hrUo1FMH.jpg,0
oB154v5J7MgcxJ6v.jpg,0
oBxKfjaQrHjyMVC1.jpg,0
oByOjGqukArhAsnH.jpg,0
oC9Nsr3fhu4yKhqK.jpg,0
oCNq8r7pDLNSklN7.jpg,0
oCTcKAhPnxv5WPTx.jpg,0
oENcd0k86IYyR01h.jpg,1
oEXPQjBL4rnHQeci.jpg,1
oGAgEhLuR3oNRsBr.jpg,1
oGUx21jT8E7rQDMG.jpg,0
oGbEL1VxEg7sBqHn.jpg,0
oHeBxIazmJv367vH.jpg,1
oI8xmRU4C1ROhyxf.jpg,0
oIyn60EDfJydA51F.jpg,1
oJQJZ7CrXoxbbDgv.jpg,1
oJu8LjV8AHHYJP1C.jpg,0
oK4xDteSc3hjMiVU.jpg,0
oKpNUBUwPKk60gwS.jpg,1
oKyvpPyVhNc7o75Y.jpg,0
oL0aCu6IsSPRv5YI.jpg,0
oN9kiGyg3afHawCs.jpg,0
oO5hAuVIOTIdFdzJ.jpg,1
oOGmTUXdWntzKcUZ.jpg,0
oOhN2E4Lf0DMVw2f.jpg,1
oOlFMJ7TSoM0p5HT.jpg,0
oPAixUK0oPfawl2H.jpg,0
oPisZ74C0omOUJzk.jpg,0
oQly9QwGbxABFzrj.jpg,0
oS2qMIixNhFoAmcv.jpg,0
oSQbuSt6FxneOglB.jpg,0
oSdhqTiUMXvD1a8y.jpg,0
oTOVmwnGhFTcvmTl.jpg,0
oUAxqS4hn3FJV37c.jpg,0
oW7tFljaBrMSNnu4.jpg,1
oWLTGEHycq7SA8lS.jpg,0
oX2IkHZW6O7zT8tI.jpg,1
oXDNKTisXs9D78Gq.jpg,0
oY1JNTjGzoBYrgkY.jpg,1
oY8vsKmnt4x5eQz0.jpg,1
oYNMpQ9tq6cpyCO2.jpg,0
oYXA2tiS25lQEnhe.jpg,0
oYcQsGLwZ9P8iCQg.jpg,1
oYuLhFfM5l1JrykJ.jpg,0
oa3W4ORzJ4QZZlww.jpg,0
oaDDbbbhBe8YkJGk.jpg,0
oaFNowAxgVLtjnI0.jpg,0
oaZcsTc7aVUPpq0w.jpg,1
oalAVIat7zBLCaJx.jpg,1
obCtBu965IiqnEH6.jpg,0
obHYUNMffKSsIZjp.jpg,0
obONwTOm1er0GzDN.jpg,0
obyfdOLxbAMVF3AG.jpg,0
oc3MZZlcZI2RtXhM.jpg,1
ocVBMgQ8aQAaZPLK.jpg,1
ocWMhpMxHncHBCOG.jpg,1
ocYDf948n8XkqWA7.jpg,1
ocnlgstEnPSo5VZo.jpg,0
oco9MZhe6oKAIX4m.jpg,0
odpR3RAC02L4N5qM.jpg,1
ogrtMmpQAYjZMzca.jpg,0
ohXRT0OHItm2G2NY.jpg,0
ohqjm3xDbwjqpNyt.jpg,0
ohz8JSnbjDlyF5ny.jpg,0
oifmggFPXPYWQF4t.jpg,0
ojakwjJTSkbnpbRY.jpg,1
ojgwhyaKA7IdOqKX.jpg,0
olPWunEAI3XB22fi.jpg,0
olr8yUTLQMLgcpOQ.jpg,0
om3fI9JemTYNnIr8.jpg,0
omVhXaJBylupUqs0.jpg,0
omqJQR3XCdnOxSPx.jpg,0
onlgCBfMPuSROFNE.jpg,1
ooyiAHJT2PSa1MzK.jpg,0
ooyt7NGoMFQs310x.jpg,0
op20pUC3axre2zBj.jpg,0
op6ABkp8eD9lWjzl.jpg,1
opWenDVOmZtecBA3.jpg,0
ouWnRBYUbK4gz52Y.jpg,1
ouj7hJMYXp1TFxbX.jpg,0
our2IHafM93ucmuM.jpg,1
ov3aDqWYIZcsq4Ax.jpg,0
ov43wSZqMj7VMrxJ.jpg,0
ow5RhmCttjw2IpAi.jpg,0
oyEV4VKJJ8AnqVhq.jpg,0
oyzW9cfgigmDs5Iz.jpg,1
ozAzjxSHczEiHxaR.jpg,1
p1jw71DYifqBzten.jpg,0
p1z1Hd6DuhzoBeJT.jpg,0
p4hF4QRU4ZhOOMkh.jpg,1
p4zBt2WKuSSix5vt.jpg,0
p5NLxnDaKoJ443RF.jpg,1
p6aJlLgH1SEhYtrf.jpg,0
p6rRocMVm8HURVXG.jpg,0
p6xjm8NwZi73oEBG.jpg,1
p7SRAvtB49nWD4t8.jpg,0
p7cHiBenRaaFmTbf.jpg,1
p7dEGS4cSCO2UHjo.jpg,1
p8OirtOCGj8SuQ16.jpg,0
p8YCStS0AlhWZm4H.jpg,1
p9lLnR0C0N4rayfz.jpg,1
pAUZ9resNCxNH8XN.jpg,1
pB7Cveux8pcp8xdA.jpg,1
pBg6drBMLGWLrL7c.jpg,1
pBnTcf797zo2dtxp.jpg,0
pC3SbzSPuwoIGms4.jpg,0
pDHIvTRytsa49W3g.jpg,1
pDfR1TMMYZV1lnkL.jpg,0
pEprDe7y4RYbl9Jb.jpg,0
pGVSGZxVdQ2UTJFS.jpg,0
pHMDCeW9HSsRt802.jpg,0
pHvO2sBIUBVhi5DL.jpg,0
pIfxYpX90ZqquBnR.jpg,1
pJ0D11q86r8kR2Rp.jpg,0
pJRl1JlzNAhLsTBW.jpg,0
pJwv0StDugU50iLZ.jpg,0
pLg4WMTBb5JDqIQL.jpg,0
pLlymBMZrvH25KaO.jpg,0
pMOf0i21yujVVjcM.jpg,0
pMmJhoVluqZ7keMB.jpg,0
pNdNBWGvjgWRK8HM.jpg,0
pO5CkHyD0wHLMIWG.jpg,1
pOBzOjH5ekMQ8MAp.jpg,0
pP1XB3sa7plg8Eez.jpg,0
pP9dJZYafskss2ly.jpg,1
pPyq2v08PpuUAxh4.jpg,0
pSBb64A4VJ7N3CsD.jpg,0
pTVnhsJ4pEoB5ksA.jpg,0
pTcIG7xE2FJlqBYF.jpg,1
pTm1Hh1Diukl6BYZ.jpg,0
pVDTCRnNKTtgkoT1.jpg,1
pW2xdCHzR6PNI8tm.jpg,0
pW7WDjUI21zWYwLN.jpg,1
pWoocdRPcD798YTu.jpg,0
pXB8osdcYhvKGnC3.jpg,0
pYMSM6MiqWvItae7.jpg,0
pYimkhjlZOACPa7o.jpg,0
pZG1KxgnzIwdrAKQ.jpg,0
pZTrVy30ThbIWbs7.jpg,0
paXzQZbjxHr71JB1.jpg,1
pbXw4pHJCsHiuyM4.jpg,1
pbgTIBtUeyxUmEPW.jpg,1
pcg2yaseUhCLfYLj.jpg,0
pdS9FK2BcMN9FLt1.jpg,0
pdf3nURoMp78UIHR.jpg,0
pg6H8P0n6AYxwxVT.jpg,1
pgW2VYWRIM6pF6ss.jpg,0
pgin707tFVjQ7BUI.jpg,0
pi3GIZqhOWavOwjQ.jpg,1
pis70JfkwzGpOOtd.jpg,1
pjaZ3oy3vE4SJqxs.jpg,0
pjpNk3K75IStXloV.jpg,0
pl0lJkiF8QuDCCeX.jpg,0
pltErqNsY6pLlNHW.jpg,0
plxBtvR5XU1WqJv6.jpg,0
pmBvRu4z8dwhFaAr.jpg,0
pmWCZvJWeWU3VY9s.jpg,0
polHbzSQDVZhZuEn.jpg,0
ppEJbOQX9olUq8dn.jpg,0
pqRl73QOQLhWcvmg.jpg,1
pqmL5d9fplRW8lZb.jpg,0
pre6UG138tmTRWNe.jpg,0
ps9duHTe71M41Zgz.jpg,0
ptESXdwJHx6xqPSu.jpg,0
pu0XeZMsnt5KubIb.jpg,0
puzeVie5H04vvHME.jpg,1
pvbf5d4Eo2tG63MV.jpg,0
pwSjwqCZldSDw29Z.jpg,0
pwvhYl7bMr9Yi9EM.jpg,0
pxOeKh0CP3zeqjRa.jpg,0
pxd87SErTQ9BTES3.jpg,0
pxgRUn4mu3Pb2ZhP.jpg,1
pyVPuoI6w5p9dzcG.jpg,0
pzO9lBBz2W8Ix81Q.jpg,0
pzfPgR1SEoFAGxJw.jpg,0
q14FACH1Zwuqr4Cr.jpg,0
q1P7VCklhJalEPbS.jpg,1
q1jjRMlPXW6iLHuq.jpg,0
q2GQUHSbe2vM8lFU.jpg,0
q2VDLpHU1ZaydrDW.jpg,0
q2ihMTBDM2sGhMbk.jpg,0
q44eEEAxEudL4v9O.jpg,0
q4Nh7F06mpuijNa9.jpg,0
q542wqVKurYdmkdE.jpg,0
q67CjwM1UxW2UqbO.jpg,0
q6PllxXWE1UlBOtW.jpg,0
q6eGAfqncM7Z8swr.jpg,0
q76WrmwRwm54wTvQ.jpg,0
q9997tY0RlAkRor5.jpg,0
q9Tc7o9UfLRTCdpZ.jpg,1
qBLigloxZyBkGGPz.jpg,0
qBPkExzT7Igqc35g.jpg,0
qDsZ5FBhpGM0RRrT.jpg,1
qFfzjeIpBIgI2uLX.jpg,0
qG70sA9uNRFUsaQ4.jpg,0
qGBoLxOWiTuWSYqn.jpg,0
qH7JY2xJg5SPDwfN.jpg,0
qJ83t319joVZhT7X.jpg,1
qJrfCgH59hhbUHvr.jpg,0
qJvygaOuiCd9yADK.jpg,0
qKKCqk0AhUqRWXFI.jpg,0
qKNGDTy9ZxyN7I1b.jpg,1
qKcm7pP1nX8kMdyV.jpg,0
qLRddnYCQrfOa22m.jpg,0
qLTKdt107ktlYPNe.jpg,0
qMG2XMAbr16tuunC.jpg,1
qMcKWtHErKzGj95J.jpg,1
qNyUBC3aa9EXZu33.jpg,1
qOA8b3K4gioXQC7q.jpg,1
qOOMGY0be5gIxEHp.jpg,0
qPjxXtRlAZgihFf4.jpg,0
qQRj8rMfDzmMOcSe.jpg,1
qRPWW18umLSKdMRh.jpg,0
qRZAyuDDvPDhoVVs.jpg,0
qReZZ4J61I6qtA5B.jpg,0
qRgjf3DvU884EQ0p.jpg,0
qRlpO3PZvFb6D82l.jpg,0
qSGFbNkXgVtO7Mlx.jpg,0
qSPIo59t0jzZkvA4.jpg,0
qSgOngjfGJhqBTyc.jpg,0
qUO6GQqET0tYOIJg.jpg,1
qUil14pTlJBMjBLi.jpg,0
qVxe2CHL4CMbEjTh.jpg,0
qW95K3wsJy4CSaRK.jpg,0
qY2Jn1bBPRuOtwji.jpg,0
qZHvPjk5mZ6st9Nj.jpg,1
qa489S9WQirUyilz.jpg,1
qbRdVP2l9rmYXyT7.jpg,1
qcbT28REfXSwvczP.jpg,1
qctFGb8QPigmyJtu.jpg,0
qdDEtMhOcJGdEjR2.jpg,0
qdq49624VkLCExM8.jpg,0
qdwgnC9t0DMYFT9E.jpg,1
qfI2fq2Ws3GBjCqN.jpg,0
qiQZ0BZ8C8rDNmCn.jpg,0
qieZFZYkBG5Iqxqo.jpg,0
qiyL61sHf0aOsOrO.jpg,0
qjkF3ablZ2RVhoD3.jpg,1
qk5Pq7DbT4cS9WcB.jpg,0
qkT1bs0j6AT63sIE.jpg,1
qlS8wyO6muSnXuWR.jpg,1
qlogCISrhnkNRkKe.jpg,1
qnZuhmd3xybWfxMP.jpg,1
qpAnwMQjLBdg5DkU.jpg,0
qpeeR4YiNCXXayuC.jpg,0
qpfeACAYIq1LGwpO.jpg,1
qq95yoxREA0Q2hTK.jpg,0
qqZoRWteEcAvvUQI.jpg,0
qrK8kvOlDgn0gzEM.jpg,0
qrcEKMDfOgIBtiP7.jpg,0
qsSOBZCTbXjYKXDo.jpg,0
qt1RB6dPscMM5k1n.jpg,1
qtR0CcchB5oxTtHn.jpg,0
qtqmCPm50fPg4Qso.jpg,0
quGt9r5oGc2yEiE0.jpg,0
quRU1FehcHgwkBRP.jpg,0
quSY3G1CKbLNPX5A.jpg,0
qvZAc1L91wNOwHiH.jpg,0
qvZByntGqlzsgIuv.jpg,0
qvfgXzm14oopshax.jpg,0
qvgPLbCME98Rgy53.jpg,1
qvwvytmKSnNf1w3c.jpg,0
qwCONe2IeOlkHWoh.jpg,1
qwGro9gjIh8nxLT2.jpg,1
qwi6IVcINMGsgk8X.jpg,0
qwkI5JhDRHxUl3OD.jpg,1
qxttZJplICg7qMkf.jpg,0
qyuklpSLBcIFXQqT.jpg,0
qz1xgA7VJiHkWBla.jpg,0
qzrkarst07pbryT7.jpg,1
qzssTQxUtssxrRBV.jpg,0
r0LJFisc9Q7pVOCT.jpg,0
r22X27lOl3B9H5rj.jpg,0
r2YDIXLayJKzkp7z.jpg,0
r2mrLOWwW7rf2rgB.jpg,0
r3EeYHJ4gDFpAsTG.jpg,1
r3Vsch2DdUhj0czF.jpg,0
r3Z4Rv4hIW68xj4W.jpg,1
r3biCm1D8jIeHCN2.jpg,0
r49nM9nfrzkXM1Us.jpg,0
r4ScdqmlC0R0ilR9.jpg,0
r4UhllIQocchV7Ws.jpg,0
r5YhIVJ6F0ogfhZ5.jpg,0
r5Zscaawz7eAS7O8.jpg,0
r5nbczTubaDxzj2C.jpg,1
r6B8fy788C74zpmX.jpg,0
r6SVT5GLAG93bKeu.jpg,0
r6bPu7ACt5yqwIXQ.jpg,1
r6sIlMySPfDzF1MS.jpg,1
r7BFXN52zKk6W0Fy.jpg,0
r7N5yy9sVsbiUndA.jpg,0
r7XZI5sxfkTTO4AW.jpg,0
r8hUt2AvqRdAdrA8.jpg,1
r9D5Ve1c83r8W5f4.jpg,0
r9IFXs9yer54YCAx.jpg,1
rAI6ft8T2ct7vJfJ.jpg,0
rAvZuivPTb0Zoqgg.jpg,0
rBnTI6FXhPhiBgb6.jpg,0
rCdN8zSPANJPPZR3.jpg,0
rD5J76sL9xc9pKfn.jpg,0
rDsmNIkYbKWDcoPA.jpg,1
rE1eimuIRVUpY5pk.jpg,0
rEXgkzZLfVTCMCii.jpg,0
rEmllkHLieKdsHOP.jpg,0
rHC7kOJinqF9TR9r.jpg,0
rJ9FvI5WBBGtp5Dg.jpg,0
rJAe2Vm3JEsQz1vv.jpg,0
rJKd3Ar4QvjF89ed.jpg,0
rKsnTzMGNTCnAwQD.jpg,0
rNU3biyY2vqEtsle.jpg,1
rNcmFdh31C5eH3px.jpg,0
rOefyw4XDJPapPeW.jpg,0
rOvaLCqH8yxw6VUB.jpg,1
rQoD0SxDyGh40AEB.jpg,0
rRyHMxxpPccm3KPD.jpg,0
rSzOcJGhZOXvR74F.jpg,0
rUJiBUAJK5HWnP2t.jpg,0
rUl49SGpRWKJULu4.jpg,0
rW2jToRTigYqaaVn.jpg,0
rWGEnxc2IuxzaDzZ.jpg,1
rWQcgalnFwNVyHwP.jpg,0
rWYdcorUYEh4uwiu.jpg,0
rWsdGhPufacwXpqM.jpg,1
rXLa6MjwYIoKBz1C.jpg,0
rXYLt3r5VZHo9wXK.jpg,0
rYTzm8Gx6b9Fbxjt.jpg,0
rYbVggZMAsJ8MwCR.jpg,0
rYer5KtxyxHPSd1A.jpg,0
rYmtZgqH4DmmrHKA.jpg,0
rZDyo8KJ7XXGnJZT.jpg,0
rZFzAkuef7lQyTHC.jpg,1
rZrdU0FUjvDxQ7kt.jpg,1
rau8glbrqtYyzQnx.jpg,0
rawznuMINMAm8ZLy.jpg,0
rbD6a2LdkuSvo7JD.jpg,0
rbf6UlIqugkxmxm1.jpg,1
rcqnXTkHNym9UPha.jpg,0
reH7UgcwksXB2uhL.jpg,0
reoF9yJMTwDmmL4q.jpg,0
rfkQqJi3WtHpAuTq.jpg,0
rfvg33uCmdzTiHaV.jpg,0
rgI05eR7HYS3vpBT.jpg,0
rhB3awrVyvpCIcCn.jpg,0
rifsEiPX3ZjU86TD.jpg,0
rjEsmiPhXWkzvnhP.jpg,1
rkFKT1pAmSTwLW0c.jpg,0
rl5zBenDfCPPEfT3.jpg,0
rldXsQ9q0J9YOHd9.jpg,0
rlmxCtFyhPvwwbyU.jpg,0
rmWGqr4szipXkuR5.jpg,1
rndAloHVMUkslq5H.jpg,1
rnkmsFB6hGyClXgk.jpg,1
roExFPq2s5LVXdE6.jpg,0
rpR3WFZahQR1a6sO.jpg,1
rpXbOPoeCTNlmspk.jpg,1
rqO7AMPSXiBGwA8u.jpg,0
rs2UmRoRQqvSOsDa.jpg,0
rtsoYLm6fxCW8Ymv.jpg,0
ru9kJsXm1SX4bAQL.jpg,1
ruIrNyjOd7Cp87Jb.jpg,1
rwf2sZdkHtOd3m5u.jpg,1
ryVFGohw30RJtVYJ.jpg,0
rzHR8WSAvfLiaOYH.jpg,0
s100SijV0fhWjKLa.jpg,1
s1SKyDC9Imo75y6T.jpg,1
s2AvXvseHAdjAXvn.jpg,0
s2g8QjZcBsDxCK8w.jpg,0
s2hx3Pf8sYN8VVdj.jpg,0
s46UPRcSgHsRSKfI.jpg,0
s4YuP1XJnfJ2Js69.jpg,0
s5IomQcOgse4MAuD.jpg,0
s62RZGucvT7LEziU.jpg,0
s7Ee8ir5oTwg5rXP.jpg,1
s7x7u1ODRifByZxz.jpg,1
s94J5sEiDLgOexg5.jpg,1
s9lhs0Kyb4Sp1zQl.jpg,0
s9osnZgT8ILP5xhz.jpg,0
sAKKsEiNzUT8Evii.jpg,1
sBDHMZUnYHZYgKxz.jpg,0
sCUugwnWQxEs6Auh.jpg,0
sD2zZWDp8i2E3g39.jpg,0
sD4pAgK81xyIdPVv.jpg,0
sDT1tVRnhxxPLNc2.jpg,1
sDqipM8xeOpUY9PO.jpg,0
sEnyPCDeC4sxWnoj.jpg,0
sFfIauMVh6l6XswE.jpg,0
sFkfs4Qmc0ox9Dhj.jpg,1
sGXSODeST22v42TW.jpg,0
sHGzw8OQI95FafEw.jpg,0
sHloIBr23MR0Bp35.jpg,0
sJXwDUFmjYGp9Ode.jpg,1
sK5XUmjV4M5MmXap.jpg,0
sKI8zKjxJ59n2Prh.jpg,0
sKd4gjCU09rktOWi.jpg,0
sKqh2S0c31wcU7cj.jpg,0
sKxJ1qLR7kQCJKfc.jpg,0
sL3pRdJU2yC5YYL8.jpg,1
sMCXpnHXdmGVms93.jpg,0
sMI1RLSFodgKCvxB.jpg,0
sMj7xUJRIZvQQ5zl.jpg,1
sN6mI4rYZlDkB4iV.jpg,1
sNNbfXszl9Ux6XCh.jpg,0
sNhqWSTkNClUXYYe.jpg,0
sO5mQA1xqldaGfvg.jpg,0
sObMkooKsBdWOWz2.jpg,0
sOdm3tsAwLzswOfX.jpg,0
sP7xaiyPYPYBsHXG.jpg,0
sPcReL0WHQ9030Lx.jpg,0
sPd6fvsYoY7qesRT.jpg,0
sQ3WAbd12wZsa1o2.jpg,0
sQQWvkB39ubgDEfU.jpg,0
sRygnMlqamolKHUc.jpg,1
sSQ2aPrZzBpTYSKr.jpg,0
sT1wBFQ3ktV6yD0k.jpg,1
sTpTjPxO0FzlUbum.jpg,1
sTquZpjAKh1P6QkQ.jpg,0
sUUvHp4MG19H28IJ.jpg,1
sUZk7sP4KciYeRdA.jpg,0
sUZqlM6syKMcIvQH.jpg,0
sVVc14VQV31qjFoM.jpg,1
sWvrCeShWQUW5bSk.jpg,0
sXVkgajKQwlbqW2P.jpg,1
sXuaP4WJgJH5uc7A.jpg,1
sYkGDmR2RNJgs5ct.jpg,0
sYuXGoaXiTVzLob6.jpg,0
sZ1jkJWzf0RbOa2A.jpg,0
sac7wDGYYzjTIDRm.jpg,1
sagxxqgwfZ5iOi3X.jpg,0
sbjuDgyaWqhGluqp.jpg,0
scBYEXTFG1Jh97su.jpg,1
sdVIW1NHrtNXnaNm.jpg,1
se8e12FEucCf0IAR.jpg,0
seaeeP6G61skgzhr.jpg,0
sf6XtsZl7IyZLNVX.jpg,0
sfBj54m01vzioabJ.jpg,0
sg6Eq6a5cyTwooAk.jpg,1
sgA7MnHOsNoHqODE.jpg,1
sgKMIabjo0qHu8OK.jpg,0
sgMgeV3fs2w7iVzW.jpg,0
sge6yjrN8lFWfdyI.jpg,1
sh5O9YamwWzBZBaL.jpg,0
shbCfYEMOLyE5uCJ.jpg,1
shv1Lkn9ySbpuVxk.jpg,0
shvQlY7oQshn7SaI.jpg,0
siSsBiWzZcqS8kHI.jpg,1
siuG1P52zvf3f240.jpg,1
sjBg7xeSDXmIjKIH.jpg,1
sjGU9GAOKkxIiGNz.jpg,0
sjP8C8PDvGS2lokp.jpg,1
sjerLKrUOWo020xD.jpg,0
skm0YEXABeu61UOV.jpg,0
sl20PaHdzyw4Stet.jpg,0
snPBCOck6EFEWPE8.jpg,0
soZeZhDJ0z2eTDLH.jpg,0
soj4z7qSS823oHKG.jpg,0
spO0Ye0J20OfVwyl.jpg,0
spgWYqVd1HwuiyV7.jpg,0
srljAVMCNE3fDAMA.jpg,1
st7AKqR5EOt6yrwt.jpg,0
suigNpP1CeRJ6xz2.jpg,1
swJGUvEMLqRxRou5.jpg,0
swLD8yLq8N62abfV.jpg,0
swZoFDAQ4tZSnhNh.jpg,1
sxNkyDoPilczlMR7.jpg,0
sxPGl4gHnccjiT5Z.jpg,0
sy1ZXQrCnKeA2UEf.jpg,0
syMxq3rOBYpyrGfP.jpg,0
syRe2yk56jqssQyU.jpg,0
syzoZ49UvFcZBJFU.jpg,0
szD5pAMuj69vseBS.jpg,1
t0AKWEkV2Jh64pLi.jpg,0
t0LmFFimqhtT8yqh.jpg,1
t1CT60PYAgMXccbl.jpg,0
t1E1YGoCoemVWhRT.jpg,0
t1RLjd2YS7IIZwZ7.jpg,0
t26112k7wEY7iGHS.jpg,0
t2AgxmB3gkHQRnxt.jpg,0
t2ci1V8sE7c3h6jZ.jpg,1
t2rhgG8npdvbLO3A.jpg,0
t33Qo59mmf4lNpxe.jpg,0
t389mUPJA2jjvRMU.jpg,0
t3iZ08Vic6ceFZ3o.jpg,0
t60iEsCbG6OYffWX.jpg,0
t62imLYomTOA3yaK.jpg,1
t6L2KDBECZyFBKuz.jpg,0
t6kWgpVmU3P5jbw0.jpg,0
t6sMRK8Ejo9gqmOR.jpg,1
t7NmkQoaexN3pph9.jpg,0
t7eFWZ3QUOJnUv7L.jpg,0
t7ti2QlxXGL5aPgz.jpg,1
t8MwejCSwUqoTOoo.jpg,0
t8UdVYHaRuus536c.jpg,0
tAUQhcKto2MdMAKK.jpg,1
tAWkmOq4NckFbPc0.jpg,0
tBEObSrA4LLnZIHT.jpg,0
tBdItrkfNZyi1r0J.jpg,0
tC42LXScuCbEzNso.jpg,0
tCddWnAufXDL4KYF.jpg,0
tCio5HO49lF9MBDH.jpg,1
tDFdRe8KFNXuBoRt.jpg,0
tFO4p7J3LBKvnfSo.jpg,1
tGFHUX3d1AvDx7SD.jpg,0
tGbDv7zKpGIK0yZW.jpg,1
tGvUqPEogzX8K7JO.jpg,0
tHCTypVG4I6YxQpR.jpg,0
tHj76aaRG9BP4Zj8.jpg,0
tIDJaoBvvzzKW34X.jpg,0
tIm4a7gj23vyt86d.jpg,1
tJS6pFIpVH6z3btS.jpg,0
tK1WP3vWspvUPhTj.jpg,0
tKcCWkNheRjcSqt6.jpg,1
tLC7BAbygoNIuXpp.jpg,0
tLSUchWBr9kkomNI.jpg,0
tLtB6DyzVjZHjbPO.jpg,1
tMYEZYgZ3hlsc4mf.jpg,0
tNWIMPROYPidvp0r.jpg,1
tNuct6Wu4BsTi5Ki.jpg,1
tO3iHXom8vLI45e7.jpg,0
tOJFnE7WwUNaAJDm.jpg,1
tOgfx6sHZMnmRA9u.jpg,0
tPZAeoyqsoJ5hg0T.jpg,1
tPjoglWm1do7H6Uf.jpg,1
tQCX1TOVievJolMR.jpg,0
tQSGFIk5vDBOsTlq.jpg,1
tRG0krWZgFtKBjtc.jpg,0
tRnmCgy5sEixi4FT.jpg,1
tS3px54tnq8rfQcR.jpg,0
tSJMVyOxpJjr5cHV.jpg,0
tSP5rspCBVED82qA.jpg,0
tT1uOE1eM4LR1kgI.jpg,1
tUXSVgUPiIwMqrjT.jpg,0
tUYODOIRvF7rwk72.jpg,0
tUpo7fJZgxrXVjQn.jpg,0
tVEnK9zNBI2OCp6E.jpg,0
tVZWWwBSpP5psbKJ.jpg,0
tVh030R5GAJOLpZp.jpg,0
tVvldstgY5LUeP7g.jpg,0
tWPUDo6gAh5isxxW.jpg,1
tXHiVww16okrk8ZB.jpg,0
tXJkVOLaw5HRYnsY.jpg,1
tYXCUaLffgxZCsmm.jpg,0
tYa0A1Dg5IBR8ZHA.jpg,0
tYgG3yddX4GIFg6S.jpg,0
tZpuvKEly0AWmTJV.jpg,0
taYvuzstPPVnrwpW.jpg,0
tbQypZSIwR4fpZvB.jpg,1
tbSuRwkE2KfxwYAt.jpg,1
tbtgW8SC7NWgU63b.jpg,0
tcktbz0o5rjos2hl.jpg,1
tcnCNtVg71Q3R9RG.jpg,0
tcuvkJTiG1Hsj6T3.jpg,0
tdFvnagkqU7HlukJ.jpg,0
tezyLL6Cu9W7d5yy.jpg,0
tf9nEFJVi2rWPhoG.jpg,0
tftig2KQVDvvfsjn.jpg,0
tfyJUZLnPwM1n96B.jpg,0
ti4lDjCh3WtVFbSz.jpg,0
tiMDIVoUhBGyNxuQ.jpg,0
tiauSyK6cf9RoBll.jpg,1
tiw6beG7MBW7RLFT.jpg,0
tksOZANQLqci1pgl.jpg,0
tlwUNYwVv7uMTvF8.jpg,1
tm594DVZtdWaDqmQ.jpg,0
tnkKQIhfF5cPgKBL.jpg,1
tnw5X6faraTE4Soa.jpg,0
toraZSQO2NdPfKjE.jpg,1
tpUCnF1XdYw3EzcH.jpg,1
tpnneUnSwBo8t4dE.jpg,0
tqM8ruhwLKC1whLk.jpg,0
trE1kw1uEG88RRQg.jpg,0
ts2XLlLyLruaHQRt.jpg,0
tu1fW3tCgZhcdZQs.jpg,1
tvCqLXYV4CKXMj3g.jpg,0
tvufQh6b1X15hbWP.jpg,0
txCrfrhWuBC7wKO8.jpg,0
tyPIjwRtH4w1POER.jpg,1
tySbBwwuFmRhb5bH.jpg,1
tyVNhZLLFXmGIxhn.jpg,0
tyw0Nx6pfOHki476.jpg,0
tyxFHzN2C4UdrToc.jpg,0
tz3aZ0oss1VJiUMo.jpg,0
tz7wN6TEsnoO6CvZ.jpg,0
u17VqX036HFfKIXP.jpg,0
u1K8T76UCa4bKlB9.jpg,0
u2Lcjugljyv9KiUU.jpg,1
u2lW6vLxap4Kg78C.jpg,1
u37XJoPepFbbZRp3.jpg,1
u3kekY7FIavoRN7s.jpg,1
u4wlsmwhnmU8QIfy.jpg,1
u509EoIwLst7lJjv.jpg,1
u6hqLOiBeOEQTYsr.jpg,1
u87Hkzpta2C1TUYw.jpg,1
u8oKBsC198c1aRLx.jpg,0
u8wyleexd9Ey5rhQ.jpg,0
uAGBGJfIOb5Y7X9a.jpg,0
uBY7cSAJU6r1FqLU.jpg,1
uCNBDmBKHcbvVnjd.jpg,1
uChmxF1raactohva.jpg,0
uD0Y45mYIaN6qdNG.jpg,1
uDDVKfI7rgRPVr3W.jpg,0
uDiMn2PL4RYhcTlu.jpg,1
uEUs4gx2lp6hlf6P.jpg,0
uFVCX0xfVV1QIIot.jpg,1
uG1oW6mVtFUuPBC5.jpg,0
uGWuWjKSg8bXxChD.jpg,0
uGbLOcasCgzNAvSu.jpg,1
uGz48H5ts7SnxvJZ.jpg,0
uIvUyZoNj7sJjrg1.jpg,1
uJKf2BV4SCVdIPq2.jpg,1
uKoY60Tuc3fL1RDH.jpg,1
uKxgNAfJMsvz8xG3.jpg,1
uL5jp5SrRfQn4yha.jpg,0
uMVGr1ZDYB0S4AiA.jpg,0
uNZmutT4M9CTH5la.jpg,0
uNgtohLz5OyZdjQ4.jpg,1
uNrwHLYPHXP2dEbW.jpg,1
uQLVDiiZ6r3arOJA.jpg,0
uQqzHVVg0BGc4aHa.jpg,0
uRFG0TX41bIOgrQ6.jpg,0
uRKnGDX3LzB874qi.jpg,0
uRTVTwpLQ7cCioHM.jpg,0
uRxexunV6loIEKtq.jpg,0
uS5AWsAVsJEXmB45.jpg,0
uTCiT3N9NnQY9gQT.jpg,0
uUYz9Q7QZFIzKJ99.jpg,0
uVYrOwYZHUIcRNLN.jpg,0
uVcOXrC6lviushF3.jpg,0
uVttm0VRWNBJTl3I.jpg,1
uXk9p3g5bTz3dfIj.jpg,0
uZ8MjvgdjHZz5drr.jpg,1
uZVSLAsv2ZgswtdF.jpg,0
uZraGcxwdokPGoNz.jpg,0
ubZy3A2KppS08rVp.jpg,0
ucKmQKMaDfGU1KBp.jpg,0
uclsX1iznrIXOuQn.jpg,0
udiPrK1kj6F3I7s3.jpg,0
udnW69ECWQlci6fe.jpg,0
ue3twHCGgFw71iya.jpg,0
uegHoSnvl3CbnpS1.jpg,0
uelzqdN8xa6CxiMR.jpg,0
ufa7hjVzRZJiXh7J.jpg,0
ug07dVKiTdKQiRD9.jpg,1
uge93GtoMBquzyjm.jpg,0
ugf2F4kEBiWi2s4F.jpg,1
uhBoklRThec817Xl.jpg,0
uhuBiUQt9ooJYzkg.jpg,0
uit1Ifl3oLvPUPco.jpg,1
uixTFEVOzpOSGgk7.jpg,1
ujBYWCnm96EAJcrH.jpg,0
ul39aAB7u572tyHT.jpg,0
ulXdPYVoznWqulv4.jpg,0
umSHPmlNtLXZ5O7F.jpg,0
umVAOX7O2CGx6yml.jpg,1
uny5BjvkiPgzEPVF.jpg,0
uoQL2Uw5dsy5BLoy.jpg,0
uoqmvaiQ9FdH6eTf.jpg,0
upFnzkYFuPzB52JU.jpg,0
upmRnS27luXvIYe9.jpg,1
upnINwsSC2Z7fugd.jpg,0
uqH2rQQ952K9s3ox.jpg,1
uqUYFehnbcpvmGdE.jpg,1
uqvwqym4C7X3HPAn.jpg,0
usGGSPqcaT5wrTRv.jpg,0
ut579wnIPwN1KoNQ.jpg,0
utv1FmZj8EbwxhEK.jpg,1
uvcVye1oZfMR8gne.jpg,0
uw9zMDpvvitKe7CK.jpg,1
uxIE7OmCig8KZUs1.jpg,0
uxVJfBu3CpJSLFdx.jpg,0
uxbZJZ09pPw0jTLI.jpg,1
uxcnZG3ekEbsRRZH.jpg,0
uxnJBMgxFzMy482a.jpg,0
uyJxXtBSjCh4ly9E.jpg,0
uyjv95zLLxdVoGRI.jpg,0
uz8fmYB90uybeR57.jpg,0
v09FlClBvON5kVSL.jpg,0
v0ThMw0RYIT4XXok.jpg,1
v0U3oKH651eiNFtv.jpg,0
v2ImGIC3z4oVOnwW.jpg,0
v36ATXYU7ObbOiSc.jpg,1
v4pMNU9vs4nY8vIG.jpg,0
v5Gp2ZfXhuGsXNB9.jpg,0
v5r5eO4oNhHZQpdq.jpg,1
v5sa2mIbSIMRUELB.jpg,1
v62GXWVKzWAWxn6c.jpg,0
v6hyP0FKymxS8MaI.jpg,0
v7TIDN2VSyBWSQa5.jpg,1
v7kr3RxRRauh3agj.jpg,1
v7waM0O1p2ol18O8.jpg,0
v9TDaMT3yx0AVMUr.jpg,0
vBoQ5HYtrwNczrMA.jpg,1
vBpMBIhgbTJJQ2a4.jpg,0
vBre9HMRDmujlMJz.jpg,0
vCMTSgfMmKpN7Bx9.jpg,0
vCQiqAHYbl3mRFJU.jpg,1
vCVcIkEW9VimGAWo.jpg,0
vD685x9p0EnbU9tl.jpg,1
vD7WkcbXIxlL42Cs.jpg,0
vDItSTN1UAH5XraI.jpg,1
vE9Rh8lOisVWTdBj.jpg,0
vFsXa48gGx8LQXXo.jpg,0
vG9H8mgaocD3LniO.jpg,0
vHcjKG3u7DMKXoIo.jpg,0
vHqKqwwbz2cCHaRV.jpg,0
vKeaqyqVOlmByoBt.jpg,0
vKx16adaJVOTWBXH.jpg,1
vL8ejH4NgN1143JG.jpg,0
vM9nqBrRZyPUZazI.jpg,1
vMl8ZD3DIgyEpbTa.jpg,0
vMwBzwknXIQQPtEf.jpg,0
vMwmKxJrPdRWznjN.jpg,0
vNhP9uDi7Qb7opE9.jpg,0
vO0d3om3ZGay1Hbt.jpg,0
vOOlSQLDARVyklXB.jpg,0
vORplBzo1G9zAgrt.jpg,1
vOS8vH2fLzLXv6Ah.jpg,1
vP6kG4WXiRwgW7OZ.jpg,0
vPhz2mBbw6QnNqIC.jpg,1
vPueEswD3PQ82uTn.jpg,0
vPya3KSWjAW4YN2T.jpg,0
vRGeeDAyXUhhTgaE.jpg,0
vUM6r3AwIIGfc90F.jpg,0
vUgvkAj92GpNsgG8.jpg,0
vVglmB4nnr0smCA8.jpg,0
vVzolBuzkNVHJr6T.jpg,0
vXZlYXCubAgcOGWC.jpg,0
vZLu88O3DfQ8uTkH.jpg,0
vZMDfo2WPQ60HrjR.jpg,0
vZPX969iZO2AUMKq.jpg,0
vaYuliGZ9FUxOJB0.jpg,0
vaZ7TPI6LLpZrSg3.jpg,0
vaxSTyS4IbkdiKDI.jpg,0
vb716gSnuixDzUl4.jpg,0
vcPxgsvC1LkQTrQ9.jpg,0
vcXTI5TTdsG6CaI2.jpg,1
vdxGF63Xh1eNHtyV.jpg,1
veKRJx9VAUmrJdSS.jpg,0
vfm9LEqHCaxH30JP.jpg,0
vgi7PiL00Og16YwC.jpg,0
vgp6axY0dLpr6yNg.jpg,1
vhMY9saC84HDNtr2.jpg,0
vhRN9Qpe0uvb3sI1.jpg,1
vhYh950Dty4InzDD.jpg,1
vi1HEOzYDWWTgPoI.jpg,0
viMpStoVy8YK9g10.jpg,0
vjORGdeK01NXjdei.jpg,0
vl17SNijVoGCnibs.jpg,0
vmoIedH3UQdHbW5x.jpg,0
vnAtfuuL5E9lIMtR.jpg,0
voEQ1D0AaYBuTAGs.jpg,0
vogjhbemGeEV4ywL.jpg,0
vprCBZpX8o0Zqwgp.jpg,0
vqRJhbzWOactnyCh.jpg,0
vrNsH4kvCaNrT9Tr.jpg,0
vrXv8wcqeGCNDBte.jpg,0
vre417lZBOMJNrpd.jpg,0
vrrQnYdqETeLNuyH.jpg,0
vscjMguNdpcy3sVm.jpg,0
vt7ILozO9h8aNRNP.jpg,0
vvXgH9IoXqbrROuW.jpg,0
vvx74MB0jive2L17.jpg,0
vxS6mkqYRskr08qV.jpg,0
vy8U5LaJMcpNJoHY.jpg,0
vyMfPJoOJAlR5Kb2.jpg,0
vzo4SGB8sISmzgPU.jpg,0
w0BlpW5RwswbITKB.jpg,1
w1yT68syuFygKJzp.jpg,1
w3EPrVg9zPRfL1Zr.jpg,0
w4AIZTiT2IbzJyQ5.jpg,1
w4F408xy6qwO0tnk.jpg,0
w4jGisaVctABA5mN.jpg,0
w6AcuFEqCujCvwu6.jpg,1
w76kfFiA0p7zJrT8.jpg,0
w8wC4A9zDECql2xb.jpg,0
w9Nw7sES2MOo8IQP.jpg,0
wAYaC1H2UAmIUkoq.jpg,1
wDGJNP8N0phOdlWm.jpg,0
wDU2aWEcRbycD0HI.jpg,1
wDtszhmiVRRJPL5y.jpg,1
wH7sBAgSZ4AznU2R.jpg,0
wIczul2THdpuNFBY.jpg,1
wIvsBdrG4e5orXNz.jpg,0
wJnNzMrp8RiPT9zP.jpg,1
wJvUavpmDJg24fVO.jpg,0
wK8iERqXxeH000UZ.jpg,0
wKqagNk5APnE88WM.jpg,1
wL0Dx4DWDCKSGPp7.jpg,1
wL3pGv2H0edhr2n1.jpg,1
wMIoI268JtAZSgte.jpg,0
wMK6s62EGQxokEvf.jpg,0
wMKAb9bIaLn5Yk7y.jpg,0
wMadiK3NyDS0v7Z6.jpg,1
wNq24PFgAweRXUBU.jpg,0
wOnYjblKuXFyBQ9i.jpg,0
wS9iErUVUZ0W6ktJ.jpg,0
wVMzyrEYCiLGKdeM.jpg,0
wVNbtPg3PP7GFZK1.jpg,0
wWZKSYScVo5Jbk1K.jpg,0
wXzqNqx6qifgBiau.jpg,0
wYjVKeXmWmGDOJoc.jpg,0
wZ7xG6g1tC0tLCBT.jpg,1
wa8X9xROI2zzP1a4.jpg,1
waVJXUpPKfCYa4ck.jpg,0
wb3AIGuXz6Kue1RF.jpg,0
wcPL26xdM1sqogYc.jpg,1
wd7m93avmbg8Ed41.jpg,0
wdla36zBOXIeAAlo.jpg,0
weJ604sH4mMsUdcP.jpg,0
wgV8WBEce4kCGWVy.jpg,1
wgvt7szGXnd0gKxQ.jpg,0
wgzZQhNydtEAUT2x.jpg,1
whP4pvmpONCJ0el9.jpg,0
whzG33kxYb75VGAF.jpg,0
wk4S1z2EABdgRISK.jpg,0
wlvmSQQ0rcqOVZ8X.jpg,0
wlvsMUcpncWesgKG.jpg,0
wlyKSRdD3zz4KimU.jpg,0
wmgBhSoNeH6I6Qr6.jpg,1
wnvWXu8TH2u76kCm.jpg,0
wo1hjJdWOQTBPwk7.jpg,0
wojyXLzRfEq2GYz1.jpg,1
wpduo1Lu9qQXKzc8.jpg,0
wpyIk4UsqiBJ1odY.jpg,0
wrJddSFBxEpVIQTC.jpg,0
wrnUeMUIEE789KrG.jpg,0
wrrQKSKi1lK2nwzS.jpg,0
wt6TdJk9IEai3Voo.jpg,0
wtKoAudfO8JhjCmx.jpg,0
wtrbuRAtQtJJZ94q.jpg,1
wud1uyJRMeVggJdh.jpg,0
wv4RHFcWH6Z9vqib.jpg,1
wvHO8QSE1ChFxxNx.jpg,0
wvlikbfI66wiOidI.jpg,0
wyt7mAbcl1KaMA1y.jpg,0
wz1RT8ROpzcnIzpk.jpg,0
wz72LCfqPM2XZM5N.jpg,1
x0cpghyC6CTIlpb0.jpg,0
x0t1OHQWpijnx16c.jpg,1
x31KlpJjJn7TcbPE.jpg,0
x3T8OGsCtkb3xJh0.jpg,0
x3VD62sMlzQpibSp.jpg,0
x3f8nXdYSjLWTl3B.jpg,1
x4M8AkofGImYuJrL.jpg,0
x509kLQ999UbT6rO.jpg,0
x66JiijhyesLjq5M.jpg,0
x761B4Y9oTA8eVQg.jpg,0
x7TQ7b1T4MQQnenZ.jpg,0
x7zWgI5byb2cIsBT.jpg,0
x8z4hG1xzPXQXgFk.jpg,0
x9KhPsdTx2CUikiE.jpg,0
xAVDm83wUSTby7aw.jpg,0
xBrXXysqIZG9Cxc8.jpg,1
xCnXInwJAFWDX6SP.jpg,1
xCzHn6OvQLJwgKVj.jpg,0
xD1mIFE5wko7kiHn.jpg,0
xD5tpnIZi2mbsupP.jpg,0
xDZW8CpvQEmyGyv9.jpg,0
xDsIbPWgYlDv9UBq.jpg,0
xEW0NFdD8RGd8VDu.jpg,0
xEo6cMUTdb88DB3I.jpg,0
xExxjK9BAWE1WRYj.jpg,0
xF8q0iIPOb54PGEb.jpg,0
xG7nKlUKXYJSRvX9.jpg,0
xGPCaqrzn8mO4XoA.jpg,1
xGVisBmzADE3R7uI.jpg,1
xGnzV87WRfsb8eer.jpg,0
xGwMD2ldKS59hOgs.jpg,1
xH6dDXXfHbbDpeGT.jpg,0
xI0bdtk02y5sygRj.jpg,1
xK9PCIUdoO0xFA0b.jpg,0
xLZS2CunPHpQZ0R7.jpg,0
xMQml97cpsEcpAmd.jpg,0
xNji1YYPOVWqSl1s.jpg,0
xOBp1BZm7dPvTHc2.jpg,0
xORSLeiy6TPfBZAO.jpg,0
xOmup5j1Dn1BVINd.jpg,1
xPge42g9pYgf24b0.jpg,0
xRhrP4oMF1UZ0Dj9.jpg,1
xTSKrTpkUHagFVLf.jpg,0
xTWbFKws5mUxUvZW.jpg,1
xVUIj07hBYEemP4e.jpg,1
xW9ERTwRcnhbWyn1.jpg,0
xWyiFYBvEzaiBKTg.jpg,0
xXBl3UoFQvueRa8u.jpg,0
xXNonVOGdl5220AU.jpg,0
xXdks31T69h88doz.jpg,0
xXfMu25ZaS4u9xpi.jpg,0
xXtivVrPrNMvzpF6.jpg,0
xXvl8gnxIjLIBxLo.jpg,0
xYJ3aNBltvsdEdUX.jpg,0
xYLmwSmLVwn7ifqE.jpg,0
xYaAwwP27teupeCh.jpg,0
xZG6KqJ8NKzr1YwA.jpg,1
xbEHJDmXUc7ZCPiY.jpg,0
xcKytqYsu65K2gt4.jpg,0
xcwSv1pv5Wu7bWQb.jpg,0
xdNU8f2QncDqLI0U.jpg,0
xeD1mhjAP9ktYkY7.jpg,0
xeQn9QPVdMxitxDE.jpg,1
xfIYaFrrrHdK4VfE.jpg,1
xfNLFY0GzWN67ysy.jpg,1
xg7rGpFjRQfBYg4e.jpg,0
xitdTZTGf5QrQjeW.jpg,1
xlPWFZWJiCrNo7Oe.jpg,0
xoMBctMvd0mF9TOO.jpg,0
xold640JAA3SFYQd.jpg,0
xoujobNoHBzDLMgR.jpg,0
xscNU7eZPV3NPwIn.jpg,1
xtQmKSVTt9NIxlYE.jpg,1
xtjNRXEQHDVIiQx7.jpg,0
xuuzpRfcjOzSR3NK.jpg,0
xuxRao2KyLsqGqMF.jpg,0
xvKySsMD9SR9ljkm.jpg,1
xvUTd531FlgRTaug.jpg,0
xxwaCUWIRFi9Iz50.jpg,0
xy796FeGh6bMc8rr.jpg,0
xy8qtciHQPNWyyb4.jpg,0
xzBLEQWcS0knFJxG.jpg,0
y0hpPCQRF4VLhCRD.jpg,0
y1BWflFq7kUBvqiU.jpg,0
y1WLvBop9nw5NAZK.jpg,0
y1uhOnb0CCwUx84a.jpg,0
y23GN7JVyud7aJxl.jpg,0
y2mf3USvXWxAk68L.jpg,0
y38BgvjnJaTsxGQ1.jpg,0
y3lUu0idMJZv302f.jpg,0
y3yBbvPeBslRIpOF.jpg,0
y5HZHZgmnqHB5a6a.jpg,0
y7VJKNwZbNS21OEi.jpg,1
yAhXGZ9e4qnCdT8u.jpg,0
yCLXdRUL1hiY188m.jpg,0
yCmuXxPKUfmPotm6.jpg,1
yCxevPGD51tvgisA.jpg,0
yDn4tgWSnzh1Qv6E.jpg,0
yEXXOOF3JuY6G2fX.jpg,1
yGKZ8mqaFaSiNJ68.jpg,0
yGV4ONXDHpQ5t3hK.jpg,1
yJ1c9sScPN5V45MI.jpg,1
yJYznYmYggrFrSyk.jpg,0
yJZAPOK54DASXhYd.jpg,0
yJc0AYysLVqlkcHa.jpg,0
yJengvvYvY0hck0q.jpg,0
yLGx32W9Dsu8GfeA.jpg,0
yLV3TdPG39HqvDL1.jpg,0
yLp3QFZjRqnf9hNO.jpg,0
yLrlGzNQj8C1i3ho.jpg,0
yLtPMNi9HHwUpK3g.jpg,0
yMF0xIx2vUgtIK93.jpg,0
yMGik21R6IJbVSGn.jpg,0
yMc6klmoxdlRRGYX.jpg,0
yMvYdBNLWsvFSY3V.jpg,0
yOUftaXnsHhoPYXh.jpg,0
yOjH2o2sGEQNKvcL.jpg,1
yP7e4W1QWzeAqWCB.jpg,0
yPh6nNeegLaFwBiq.jpg,0
yQOERQK7A45C8RKQ.jpg,0
yQcWQoAKqevzJUu2.jpg,0
yQtQPCOb3OqaOmpW.jpg,0
yS0KU68q1lrGVAWv.jpg,0
ySXuxqCz25Zmj3nj.jpg,1
ySb3WywcFiarvyDm.jpg,1
ySp7FHbBhnL3f8QM.jpg,0
yTNiynHCGjsK783e.jpg,1
yU1ETXEDvkfuNjEs.jpg,0
yUaX7EEdyOEPmhlY.jpg,0
yVDFjEXhUhzxC1mP.jpg,0
yVZEJrMq9VzD4MUX.jpg,0
yVjZUl5EwcNcuGr2.jpg,0
yVn9SfmZLrRAV5EP.jpg,0
yWGZgqrblaHLo7gt.jpg,0
yWzRbNC7WAbf2TL3.jpg,0
yX29tFLEkO9WNAiC.jpg,1
yXO9LpSKIQvZdipk.jpg,0
yXqCX4p9sUqYWdnx.jpg,0
yYxq8dOCJimYdaop.jpg,0
yZFiY03cTiUVWikG.jpg,0
yabV956b4qOZd6Iy.jpg,0
ycRTa5SmVxdraDR6.jpg,1
yd3YbNlJ7pmIeSaA.jpg,0
yfXjixIBPt5fueFJ.jpg,0
yfn6SLzJDuByqgRm.jpg,0
yfrNWzdZnAC7arGr.jpg,0
ygL1PXOLHPUJgTJg.jpg,1
ygab0NQOAOW0EU0B.jpg,0
yhJ3I42us3W7QSSD.jpg,0
yiSogW1Lfumyp5JC.jpg,0
yifg2kgu5WdSZD0o.jpg,1
yjQrdzrIWCoq6OSi.jpg,1
yjRTEf0djxZQ6DNh.jpg,0
yjk9FjlYOzrwkzhF.jpg,1
yl8WcuESWl4IT4RL.jpg,1
ylaMe4nNiNrKmigR.jpg,0
ym4LPUUxT6zX9SQw.jpg,0
ymU6tkmtJM7cmAL6.jpg,1
ymVhrEDv1J64JOhO.jpg,1
ymqOig3CsXBLOGhU.jpg,0
yoQTReRdp9dtGToX.jpg,1
yotCd7pWEAwRi4pQ.jpg,1
ypHuTYXzwHwJIanO.jpg,0
ypOUKd6QwPJNhcFj.jpg,0
yqAMca3JqyduFE1K.jpg,1
yqFWMT8alQEGl5CP.jpg,0
yr3fr80eddZtG6w7.jpg,0
yrnpxGxwm0wPsqnj.jpg,1
ysZTK65s2t6a7oAu.jpg,0
ytSNA249aIsuxl3L.jpg,0
ytgCMWxdRdmNxaww.jpg,0
yuDBVHrqfmVzWzsB.jpg,0
yuVqgZEjRHowa0qB.jpg,0
yuhKW4tsoc6emkKz.jpg,1
ywnCsIUkF1DOdO7C.jpg,0
yxLhhdA6AKl7M8fN.jpg,0
yxO3rkQ5R5QcWJX9.jpg,0
yxtljArOgq0vbGFa.jpg,0
yyIEKhGHHsUVC9VV.jpg,0
yyLsb2qprAthUwuJ.jpg,1
yyWurth6L20elrli.jpg,0
yz6g5Nsdiwgu3Ikt.jpg,0
z0k4awa1kassun9j.jpg,1
z0ppVAuvSCfRO42C.jpg,0
z1Yb2XbVlb713KZY.jpg,0
z1blycFQSWEKfSqa.jpg,0
z2E7mN8DcAeZH1a3.jpg,0
z2XYxXcp5sB9SDNT.jpg,1
z33boGdOYradgFCz.jpg,0
z41kL8YZma3NAOrt.jpg,1
z5CcYHmBlcw2Dmnm.jpg,0
z6ic1XjKvTwQsVrw.jpg,1
z7LGOWzL19wmYaZO.jpg,0
z9CJZu0WCZeF69n8.jpg,1
zAtS6ZVFNJbhtqq7.jpg,1
zBLUHLVFnkSTGENu.jpg,1
zBRXGlQ6CMU7rwHH.jpg,0
zBa63uLiws7qEcEq.jpg,0
zBcdzQ8PdrbgdPKs.jpg,1
zCz1FUaNZfv54nQN.jpg,0
zD5f4vFCXZFNrzGJ.jpg,0
zDEuhMwilxrnw1Jy.jpg,1
zDZyBRZHpej7KIzx.jpg,0
zEIQkserv2yVJy7V.jpg,1
zEbuRoF0OYolaYf1.jpg,1
zGEhrspwA5NK5ZT7.jpg,1
zHI7l5KbzA18e9gU.jpg,0
zIAIby16G3R78TT3.jpg,0
zIwixENp50UOjoA3.jpg,1
zJ4ZXbgNeqiDbzxw.jpg,1
zK7MtkY5RcR9fo6M.jpg,0
zKktOVwp6tun585G.jpg,1
zM2AJF7x7NXRa7Sh.jpg,0
zM70LPADL8TJ4abv.jpg,0
zM9Tuu2yAfhzIZHk.jpg,0
zMiSEknK1OKIyB8W.jpg,1
zNImZ1Axa4MHRb4G.jpg,1
zNjlTI5WFinVqXLI.jpg,1
zOjTygiU8SjzYibi.jpg,1
zPfm4j0xMc8TGdKu.jpg,0
zQHCOzABouAHTUO1.jpg,0
zQeu7WBFRZAwK6NZ.jpg,1
zQkbKWuBQ2Z8nh63.jpg,0
zS4uuprbiQXy6yFQ.jpg,0
zS4zD50CrrPN1c0e.jpg,0
zSE2Xri5Q2n2u7n5.jpg,0
zSSeCOV9P3B8HnJI.jpg,0
zTTKF1HnQnDlSTDq.jpg,1
zUHK2oO35nuzvqDh.jpg,1
zUy4nyUuVSFdDbhA.jpg,0
zWByNKhS5Tkfj0LE.jpg,0
zWK3sEXVXCNc2Buk.jpg,1
zWMRKiQNATyz3LvK.jpg,0
zXbgw3Ml61Glr5rH.jpg,1
zXuNhucGTUraF8IT.jpg,1
zYzd6goFlvRgSGKX.jpg,0
zZsaqSTeQhktJ8ZQ.jpg,1
zauUsdZNdhztqDlh.jpg,1
zb8MnJtG6pWqTKsR.jpg,0
zbZE4CSOQJAyolOc.jpg,0
zcfFX5oeXfoltuSV.jpg,0
zcjkiSuikWjrtui6.jpg,0
zcuIjFnWymP8pMKk.jpg,0
zcyCii6cTToOWhXM.jpg,1
zdf0Ovsr8P1D1xgM.jpg,0
zdg943qMymxX5tAm.jpg,0
zdiY9vBI6bwwwxUz.jpg,0
zeOZqB7pVe4OTEB9.jpg,1
zfIySIZJg43AFjcE.jpg,0
zg5YaQz0NQAy3kCr.jpg,0
zh7WBlphhUajWqh7.jpg,0
zhFjDDHdyVB3N47X.jpg,0
zhlHKDAfOn6pBxzF.jpg,0
ziiHL2ruHlIFhbYh.jpg,1
zjvXJNBXKbUaiw6V.jpg,0
zk1RGttdKEF7Xiov.jpg,0
zl4F67fvLHnZXiDJ.jpg,0
zlCMQ475JlAqXwAP.jpg,0
zlkuxZSnUi2accfV.jpg,0
znr3tAZvQ4l1OoA1.jpg,0
zoBBGLrmXWVh6Frg.jpg,0
zp4r9TK82rlJGDK3.jpg,0
zp52nhs58qWChHHN.jpg,0
zpQa22jlZnfxWwjW.jpg,0
zpUCm9pjABiwNOvo.jpg,0
zpUDlLUUARmIPxpL.jpg,0
zpVkqGSxyhhd9JSs.jpg,1
zq06gzKXcT9wVQwA.jpg,0
zqVrR4kWV64TaqfP.jpg,1
zrcvKEFJ6obvRmA0.jpg,0
zrd3GWOzLqUwbsMw.jpg,0
zrgQlBm6qBORmcFH.jpg,0
ztRtfF4DbrFdmQK5.jpg,0
zvkUn9BQ5HQlkDUS.jpg,0
zvpkxaJ3uLpO7wqv.jpg,0
zw9Q19Q3cfW5jStJ.jpg,1
zwknBMHLvk0SCOUh.jpg,0
zyC4aIRtyGeT2WnM.jpg,0
zyEc2xdgVwegMM2J.jpg,0
zyfz6bhADGNQ9JVj.jpg,0
zz4upfUTlCVJ3JNI.jpg,0
zztSPuQrmZSDufuk.jpg,0
zzyHrqIZ51iD4GlS.jpg,0
